19203 439.995
19204 439.995
19205 439.995
19206 439.995
19208 439.995
19209 439.995
19210 439.995
19211 439.995
19212 439.995
19213 439.995
19214 439.995
19215 439.995
19216 439.995
19217 439.995
19218 439.995
19219 439.995
19220 439.995
19221 439.995
19222 439.995
19223 439.995
19224 439.995
19225 439.995
19226 439.995
19228 439.995
19229 439.995
19231 439.995
19232 439.995
19233 439.995
19234 439.995
19235 439.995
19236 439.995
19237 439.995
19238 439.995
19239 439.995
19243 439.995
19244 439.995
19245 439.995
19246 439.995
19247 439.995
19248 439.995
19249 439.995
19250 439.995
19251 439.995
19252 439.995
19253 440.01
19254 440.01
19256 440.01
19257 440.01
19258 440.01
19259 440.06
19260 440
19280 0
19302 440.02
19303 100.13
19305 100.13
19306 100.13
19308 100.13
19309 100.13
19315 440.07
19316 440.07
19317 440.07
19318 440.07
19319 440.07
19321 439.935
19322 439.935
19323 439.935
19324 439.935
19325 439.935
19326 440.045
19327 440.045
19328 440.045
19329 440.045
19330 440.045
19331 440.01
19333 404.975
19334 420.075
19335 420.075
19336 409.99
19337 409.99
19338 409.99
19339 409.99
19340 409.99
19341 409.99
19342 409.99
19343 409.99
19344 409.99
19345 409.99
19346 409.99
19347 409.99
19348 409.99
19349 409.99
19351 409.99
19352 409.99
19353 409.99
19354 409.99
19355 409.99
19356 409.99
19357 409.99
19359 409.99
19360 409.99
19361 409.99
19362 409.99
19363 409.99
19364 409.99
19365 409.99
19366 409.99
19367 409.99
19381 100.155
19382 420.105
19383 420.105
19384 420.105
19385 420.105
19386 420.105
19387 420.105
19388 420.105
19389 420.105
19390 420.105
19391 420.105
19392 420.105
19393 420.105
19394 429.995
19395 429.995
19399 429.995
19400 429.995
19401 429.995
19403 429.995
19404 429.995
19405 429.995
19406 429.995
19407 429.995
19408 429.995
19409 429.995
19410 429.995
19411 429.995
19413 429.995
19414 429.995
19415 429.995
19416 429.995
19417 429.995
19418 429.995
19419 429.995
19420 429.995
19421 429.995
19422 429.995
19423 430.015
19424 430.015
19425 430.015
19426 430.015
19427 430.015
19428 430.015
19429 430.015
19430 430.015
19431 430.015
19432 430.015
19433 430.015
19434 430.015
19435 430.015
19436 430.015
19437 430.015
19438 430.015
19439 429.98
19440 429.98
19441 429.98
19442 429.98
19443 429.98
19444 429.98
19446 429.98
19447 429.98
19448 429.98
19449 429.98
19450 429.98
19451 429.98
19452 429.98
19453 429.98
19454 429.98
19455 429.98
19456 429.98
19457 429.98
19458 429.98
19459 429.98
19461 429.98
19462 429.98
19463 429.98
19464 429.98
19465 429.98
19466 429.98
19467 429.98
19468 429.98
19469 429.98
19470 429.98
19471 429.98
19472 429.98
19473 429.98
19475 429.98
19476 429.98
19477 429.98
19478 429.98
19479 429.98
19480 429.98
19481 429.98
19482 429.98
19483 429.98
19484 429.98
19485 429.98
19486 429.98
19487 429.98
19488 429.98
19489 429.98
19490 429.98
19491 429.98
19492 429.98
19493 429.98
19494 430.075
19495 430.075
19496 430.075
19497 429.96
19498 429.96
19499 430.005
19500 430.005
19501 430.005
19502 430.005
19503 430.005
19504 350.04
19505 350.04
19506 350.04
19507 350.04
19509 350.04
19510 350.04
19511 350.04
19512 350.04
19513 350.04
19515 350.04
19517 350.04
19518 350.04
19519 350.04
19520 350.04
19521 350.04
19522 350.04
19523 350.04
19524 350.04
19525 350.04
19526 350.04
19527 350.04
19528 350.04
19534 100.045
19535 429.59
19536 429.59
19537 429.59
19538 429.59
19539 429.59
19540 429.59
19541 429.59
19543 429.59
19544 429.59
19545 429.59
19546 429.59
19547 429.59
19548 429.59
19549 429.59
19550 429.59
19551 429.59
19552 429.59
19553 429.59
19554 429.59
19555 429.59
19556 429.59
19557 429.59
19558 429.59
19559 429.59
19561 429.59
19562 429.59
19563 429.59
19564 429.59
19565 429.59
19566 429.59
19567 429.59
19568 429.59
19569 429.59
19571 429.59
19572 429.59
19573 429.59
19574 429.59
19575 429.59
19576 429.59
19577 429.59
19578 429.59
19579 429.59
19580 429.59
19581 429.59
19582 429.59
19583 429.59
19584 429.59
19585 429.59
19586 429.59
19587 429.59
19588 429.59
19589 429.59
19590 429.59
19591 429.59
19592 429.59
19593 429.59
19594 429.59
19595 429.59
19596 429.59
19597 429.59
19598 429.59
19599 410.005
19600 410.005
19601 410.005
19602 410.005
19603 410
19604 430.02
19605 430.02
19606 430.02
19607 430.02
19608 430.02
19609 430.02
19610 430.02
19611 430.02
19612 430.02
19614 430.02
19615 430.02
19616 430.02
19617 430.02
19618 430.02
19620 430.02
19621 430.02
19622 430.02
19623 430.02
19624 430.02
19625 430.02
19626 430.02
19627 430.02
19628 430.02
19629 430.02
19630 430.02
19631 430.02
19632 430.02
19633 430.02
19634 430.02
19635 430.02
19636 430.02
19637 430.02
19638 430.02
19639 430.02
19640 430.02
19642 430.02
19643 430.02
19644 430.02
19645 430.02
19646 430.02
19647 311.34
19648 390.015
19649 380.05
19650 380.05
19651 385.05
19653 385.05
19654 385.05
19655 385.05
19656 385.05
19657 385.05
19658 389.975
19659 389.975
19660 399.96
19662 399.96
19663 399.96
19664 399.96
19665 399.96
19666 399.96
19668 399.96
19669 399.96
19670 399.96
19671 399.96
19676 400.015
19677 400.015
19678 400.015
19679 420.055
19680 420.055
19683 429.285
19684 429.285
19685 429.285
19686 429.285
19688 429.285
19689 429.285
19690 429.285
19692 430.01
19693 430.01
19694 430.01
19695 430.01
19696 430.01
19697 430.01
19698 410.06
19699 410.06
19700 410.06
19701 410.06
19702 410.06
19703 410.06
19704 410.06
19705 410.06
19706 410.06
19707 410.06
19708 410.06
19709 410.06
19710 410.06
19711 410.06
19712 410.06
19713 410.06
19715 410.06
19716 410.06
19720 410.06
19721 410.06
19722 410.06
19723 410.06
19726 410.06
19727 410.06
19728 410.06
19729 410.06
19730 410.06
19731 410.06
19743 409.95
19744 409.95
19745 409.95
19746 409.95
19747 409.95
19748 409.95
19749 409.95
19750 409.95
19751 409.95
19752 409.95
19753 409.95
19754 409.95
19755 409.95
19756 409.95
19757 409.95
19758 409.95
19759 409.95
19760 409.95
19761 409.95
19762 409.95
19763 409.95
19764 409.95
19765 409.95
19766 409.95
19767 409.95
19768 409.95
19769 409.95
19770 409.95
19771 409.95
19772 409.95
19773 410.015
19774 410.015
19775 410.015
19776 410.015
19777 410.015
19778 410.015
19779 410.015
19780 410.015
19781 410.015
19782 410.015
19783 410.015
19785 410.015
19786 410.015
19787 410.015
19788 410.015
19789 410.015
19793 410.015
19794 410.015
19795 410.015
19796 410.015
19797 410.015
19798 410.015
19799 410.015
19800 410.015
19801 410.015
19802 410.015
19803 410.015
19805 410.015
19806 410.015
19807 410.015
19810 409.99
19811 409.99
19812 409.99
19813 409.99
19814 409.99
19815 409.99
19817 409.99
19818 409.99
19819 409.99
19820 409.99
19821 409.99
19822 409.99
19823 409.99
19824 409.99
19825 409.99
19826 409.99
19827 409.99
19828 409.99
19829 409.99
19830 409.99
19831 409.99
19832 409.99
19833 409.99
19834 409.99
19835 409.99
19836 409.99
19837 409.99
19838 409.99
19839 409.99
19840 409.99
19841 409.99
19842 409.99
19843 409.99
19844 409.99
19845 409.99
19846 409.99
19847 409.99
19848 409.99
19849 410
19850 410
19851 410
19852 410
19853 410
19854 410
19855 410
19856 0.765
19857 0.765
19860 410.015
19861 420.08
19862 420.08
19863 420.08
19864 420.08
19865 420.08
19866 420.08
19867 420.08
19868 420.08
19869 420.08
19870 420.08
19871 420.08
19872 420.08
19873 420.08
19874 420.08
19875 420.08
19876 420.08
19877 420.08
19878 420.08
19879 410.02
19880 410.02
19881 410.02
19882 410.02
19883 410.02
19884 410.02
19885 410.02
19886 410.02
19887 410.02
19888 410.02
19889 410.02
19890 410.055
19891 410.055
19892 410.055
19893 410.055
