19203 459.95
19204 459.95
19205 459.95
19206 459.95
19208 459.95
19209 459.95
19210 459.95
19211 459.95
19212 459.95
19213 459.95
19214 459.95
19215 459.95
19216 459.95
19217 459.95
19218 459.95
19219 459.95
19220 459.95
19221 459.95
19222 459.95
19223 459.95
19224 459.95
19225 459.95
19226 459.95
19228 459.95
19229 459.95
19231 459.95
19232 459.95
19233 459.95
19234 459.95
19235 459.95
19236 459.95
19237 459.95
19238 459.95
19239 459.95
19243 459.95
19244 459.95
19245 459.95
19246 459.95
19247 459.95
19248 459.95
19249 459.95
19250 459.95
19251 459.95
19252 459.95
19253 459.905
19254 459.905
19256 459.905
19257 459.905
19258 459.905
19259 459.51
19260 459.51
19280 0
19302 459.685
19303 99.905
19305 99.905
19306 99.905
19308 99.905
19309 99.905
19315 459.85
19316 459.85
19317 459.85
19318 459.85
19319 459.85
19321 459.675
19322 459.675
19323 459.675
19324 439.89
19325 439.89
19326 439.89
19327 439.89
19328 439.89
19329 439.89
19330 439.89
19331 439.915
19333 439.915
19334 439.915
19335 439.915
19336 439.915
19337 439.915
19338 439.915
19339 439.915
19340 439.915
19341 439.915
19342 439.915
19343 439.915
19344 439.915
19345 439.915
19346 439.915
19347 439.915
19348 439.915
19349 439.915
19351 439.915
19352 439.915
19353 439.915
19354 439.915
19355 439.915
19356 439.915
19357 439.915
19359 439.915
19360 439.915
19361 439.915
19362 439.915
19363 439.915
19364 439.915
19365 439.915
19366 439.915
19367 439.915
19381 99.97
19382 439.845
19383 439.845
19384 439.845
19385 439.845
19386 439.845
19387 439.845
19388 439.845
19389 439.845
19390 439.845
19391 439.845
19392 439.845
19393 439.845
19394 439.845
19395 439.845
19399 439.845
19400 439.845
19401 439.845
19403 439.845
19404 439.845
19405 439.845
19406 439.845
19407 439.845
19408 439.845
19409 439.845
19410 439.845
19411 439.845
19413 439.845
19414 439.845
19415 439.845
19416 439.845
19417 439.845
19418 439.845
19419 439.845
19420 439.845
19421 439.845
19422 439.845
19423 439.845
19424 439.845
19425 439.845
19426 439.845
19427 439.845
19428 439.845
19429 439.845
19430 439.845
19431 439.845
19432 439.845
19433 439.845
19434 439.845
19435 439.845
19436 439.845
19437 439.845
19438 439.845
19439 439.98
19440 439.98
19441 439.98
19442 439.98
19443 439.98
19444 439.98
19446 439.98
19447 439.98
19448 439.98
19449 439.98
19450 439.98
19451 439.98
19452 439.98
19453 439.98
19454 439.98
19455 439.98
19456 439.98
19457 439.98
19458 439.98
19459 439.98
19461 439.98
19462 439.98
19463 439.98
19464 439.98
19465 439.98
19466 439.98
19467 439.98
19468 439.98
19469 439.98
19470 439.98
19471 439.98
19472 439.98
19473 439.98
19475 439.98
19476 439.98
19477 439.98
19478 439.98
19479 439.98
19480 439.98
19481 439.98
19482 439.98
19483 439.98
19484 439.98
19485 439.98
19486 439.98
19487 439.98
19488 439.98
19489 439.98
19490 439.98
19491 439.98
19492 439.98
19493 439.98
19494 439.98
19495 439.98
19496 439.98
19497 439.98
19498 439.98
19499 439.98
19500 439.98
19501 439.98
19502 439.98
19503 439.98
19504 439.98
19505 439.98
19506 439.98
19507 439.98
19509 439.98
19510 439.98
19511 439.98
19512 439.98
19513 439.98
19515 439.98
19517 439.98
19518 439.98
19519 439.98
19520 439.98
19521 439.98
19522 439.98
19523 439.98
19524 439.98
19525 439.98
19526 439.98
19527 439.98
19528 439.98
19534 99.855
19535 439.89
19536 439.89
19537 439.89
19538 439.89
19539 439.89
19540 439.89
19541 439.89
19543 439.89
19544 439.89
19545 439.89
19546 439.89
19547 439.89
19548 439.89
19549 439.89
19550 439.89
19551 439.89
19552 439.89
19553 439.89
19554 439.89
19555 439.89
19556 439.89
19557 439.89
19558 439.89
19559 439.89
19561 439.89
19562 439.89
19563 439.89
19564 439.89
19565 439.89
19566 439.89
19567 439.89
19568 439.89
19569 439.89
19571 439.89
19572 439.89
19573 439.89
19574 439.89
19575 439.89
19576 439.89
19577 439.89
19578 439.89
19579 439.89
19580 439.89
19581 439.89
19582 439.89
19583 439.89
19584 439.89
19585 439.89
19586 439.89
19587 439.89
19588 439.89
19589 439.89
19590 439.89
19591 439.89
19592 439.89
19593 439.89
19594 439.89
19595 439.89
19596 439.89
19597 439.89
19598 439.89
19599 439.89
19600 439.89
19601 439.89
19602 439.89
19603 439.89
19604 439.955
19605 439.955
19606 439.955
19607 439.955
19608 439.955
19609 439.955
19610 439.955
19611 439.955
19612 439.955
19614 439.955
19615 439.955
19616 439.955
19617 439.955
19618 439.955
19620 439.955
19621 439.955
19622 439.955
19623 439.955
19624 439.955
19625 439.955
19626 439.955
19627 439.955
19628 439.955
19629 439.73
19630 439.73
19631 439.73
19632 439.73
19633 439.73
19634 439.73
19635 439.73
19636 439.73
19637 439.73
19638 439.73
19639 439.73
19640 439.73
19642 439.73
19643 439.73
19644 439.73
19645 439.73
19646 439.73
19647 439.73
19648 439.73
19649 439.73
19650 439.73
19651 439.865
19653 439.865
19654 439.865
19655 439.865
19656 439.865
19657 439.865
19658 439.865
19659 439.865
19660 439.88
19662 439.88
19663 439.88
19664 439.88
19665 439.88
19666 439.88
19668 439.88
19669 439.88
19670 439.88
19671 439.88
19676 439.795
19677 439.795
19678 439.795
19679 439.795
19680 439.795
19683 439.795
19684 439.795
19685 439.795
19686 439.795
19688 439.795
19689 439.795
19690 439.795
19692 439.725
19693 439.725
19694 439.725
19695 439.725
19696 439.725
19697 439.725
19698 439.725
19699 439.725
19700 439.725
19701 439.725
19702 439.725
19703 439.725
19704 439.725
19705 439.725
19706 439.725
19707 439.725
19708 439.725
19709 439.725
19710 439.725
19711 439.725
19712 439.725
19713 439.725
19715 439.725
19716 439.725
19720 439.725
19721 439.725
19722 439.725
19723 439.725
19726 439.725
19727 439.725
19728 439.725
19729 439.725
19730 439.725
19731 439.725
19743 439.95
19744 439.95
19745 439.95
19746 439.95
19747 439.95
19748 439.95
19749 439.95
19750 439.95
19751 439.95
19752 439.95
19753 439.95
19754 439.95
19755 439.95
19756 439.95
19757 439.95
19758 439.95
19759 439.95
19760 439.95
19761 439.95
19762 439.95
19763 439.95
19764 439.95
19765 439.95
19766 439.95
19767 439.95
19768 439.95
19769 439.95
19770 439.95
19771 439.95
19772 439.95
19773 439.33
19774 439.33
19775 439.33
19776 439.33
19777 439.33
19778 439.33
19779 439.33
19780 439.33
19781 439.33
19782 439.33
19783 439.33
19785 439.33
19786 439.33
19787 439.33
19788 439.33
19789 439.33
19793 439.33
19794 439.33
19795 439.33
19796 439.33
19797 439.33
19798 439.33
19799 439.33
19800 439.33
19801 439.33
19802 439.33
19803 439.33
19805 439.33
19806 439.33
19807 439.33
19810 439.88
19811 439.88
19812 439.88
19813 439.88
19814 439.88
19815 439.88
19817 439.88
19818 439.88
19819 439.88
19820 439.88
19821 439.88
19822 439.88
19823 439.88
19824 439.88
19825 439.88
19826 439.88
19827 439.88
19828 439.88
19829 439.88
19830 439.88
19831 439.88
19832 439.88
19833 439.88
19834 439.88
19835 439.88
19836 439.88
19837 439.88
19838 439.88
19839 439.88
19840 439.88
19841 439.88
19842 439.88
19843 439.88
19844 439.88
19845 439.88
19846 439.88
19847 439.88
19848 439.88
19849 439.895
19850 439.895
19851 439.895
19852 439.895
19853 439.895
19854 439.895
19855 439.895
19856 439.895
19857 439.895
19860 439.885
19861 439.885
19862 439.885
19863 439.885
19864 439.885
19865 439.885
19866 439.885
19867 439.885
19868 439.885
19869 439.885
19870 439.885
19871 439.885
19872 439.885
19873 439.885
19874 439.885
19875 439.885
19876 439.885
19877 439.885
19878 439.885
19879 439.89
19880 439.89
19881 439.89
19882 439.89
19883 439.89
19884 439.89
19885 439.89
19886 439.89
19887 439.89
19888 439.89
19889 439.89
19890 439.815
19891 439.815
19892 439.815
19893 439.815
