19203 449.77
19204 449.77
19205 449.77
19206 449.77
19208 449.77
19209 449.77
19210 449.77
19211 449.77
19212 449.77
19213 449.77
19214 449.77
19215 449.77
19216 449.77
19217 449.77
19218 449.77
19219 449.77
19220 449.77
19221 449.77
19222 449.77
19223 449.77
19224 449.77
19225 449.77
19226 449.77
19228 449.77
19229 449.77
19231 449.77
19232 449.77
19233 449.77
19234 449.77
19235 449.77
19236 449.77
19237 449.77
19238 449.77
19239 449.77
19243 449.77
19244 449.77
19245 449.77
19246 449.77
19247 449.77
19248 449.77
19249 449.77
19250 449.77
19251 449.77
19252 449.77
19253 449.815
19254 449.815
19256 449.815
19257 449.815
19258 449.815
19259 449.815
19260 449.815
19280 0
19302 449.805
19303 99.79
19305 99.79
19306 99.79
19308 99.79
19309 99.79
19315 449.815
19316 449.815
19317 449.815
19318 449.815
19319 449.815
19321 449.805
19322 449.805
19323 449.805
19324 449.805
19325 449.805
19326 449.805
19327 449.805
19328 449.805
19329 449.805
19330 449.805
19331 449.76
19333 449.76
19334 449.76
19335 449.76
19336 449.76
19337 449.76
19338 449.76
19339 449.76
19340 449.76
19341 449.76
19342 449.76
19343 449.76
19344 449.76
19345 449.76
19346 449.76
19347 449.76
19348 449.76
19349 449.76
19351 449.76
19352 449.76
19353 449.76
19354 449.76
19355 449.76
19356 449.76
19357 449.76
19359 449.76
19360 449.76
19361 449.76
19362 449.76
19363 449.76
19364 449.76
19365 449.76
19366 449.76
19367 449.76
19381 99.81
19382 449.84
19383 449.84
19384 449.84
19385 449.84
19386 449.84
19387 449.84
19388 449.84
19389 449.84
19390 449.84
19391 449.84
19392 449.84
19393 449.84
19394 449.84
19395 449.84
19399 449.84
19400 449.84
19401 449.84
19403 449.84
19404 449.84
19405 449.84
19406 449.84
19407 449.84
19408 449.84
19409 449.84
19410 449.84
19411 449.84
19413 449.84
19414 449.84
19415 449.84
19416 449.84
19417 449.84
19418 449.84
19419 449.84
19420 449.84
19421 449.84
19422 449.84
19423 449.84
19424 449.84
19425 449.84
19426 449.84
19427 449.84
19428 449.84
19429 449.84
19430 449.84
19431 449.84
19432 449.84
19433 449.84
19434 449.84
19435 449.84
19436 449.84
19437 449.84
19438 449.84
19439 449.735
19440 449.735
19441 449.735
19442 449.735
19443 449.735
19444 449.735
19446 449.735
19447 449.735
19448 449.735
19449 449.735
19450 449.735
19451 449.735
19452 449.735
19453 449.735
19454 449.735
19455 449.735
19456 449.735
19457 449.735
19458 449.735
19459 449.735
19461 449.735
19462 449.735
19463 449.735
19464 449.735
19465 449.735
19466 449.735
19467 449.735
19468 449.735
19469 449.735
19470 449.735
19471 449.735
19472 449.735
19473 449.735
19475 449.735
19476 449.735
19477 449.735
19478 449.735
19479 449.735
19480 449.735
19481 449.735
19482 449.735
19483 449.735
19484 449.735
19485 449.735
19486 449.735
19487 449.735
19488 449.735
19489 449.735
19490 449.735
19491 449.735
19492 449.735
19493 449.735
19494 449.735
19495 449.735
19496 449.735
19497 449.735
19498 449.735
19499 449.735
19500 449.735
19501 449.735
19502 449.735
19503 449.735
19504 449.735
19505 449.735
19506 449.735
19507 449.735
19509 449.735
19510 449.735
19511 449.735
19512 449.735
19513 449.735
19515 449.735
19517 449.735
19518 449.735
19519 449.735
19520 449.735
19521 449.735
19522 449.735
19523 449.735
19524 449.735
19525 449.735
19526 449.735
19527 449.735
19528 449.735
19534 99.655
19535 449.435
19536 449.435
19537 449.435
19538 449.435
19539 449.435
19540 449.435
19541 449.435
19543 449.435
19544 449.435
19545 449.435
19546 449.435
19547 449.435
19548 449.435
19549 449.435
19550 449.435
19551 449.435
19552 449.435
19553 449.435
19554 449.435
19555 449.435
19556 449.435
19557 449.435
19558 449.435
19559 449.435
19561 449.435
19562 449.435
19563 449.435
19564 449.435
19565 449.435
19566 449.435
19567 449.435
19568 449.435
19569 449.435
19571 449.435
19572 449.435
19573 449.435
19574 449.435
19575 449.435
19576 449.435
19577 449.435
19578 449.435
19579 449.435
19580 449.435
19581 449.435
19582 449.435
19583 449.435
19584 449.435
19585 449.435
19586 449.435
19587 449.435
19588 449.435
19589 449.435
19590 449.435
19591 449.435
19592 449.435
19593 449.435
19594 449.435
19595 449.435
19596 449.435
19597 449.435
19598 449.435
19599 449.435
19600 449.435
19601 449.435
19602 449.435
19603 449.435
19604 449.77
19605 449.77
19606 449.77
19607 449.77
19608 449.77
19609 449.77
19610 449.77
19611 449.77
19612 449.77
19614 449.77
19615 449.77
19616 449.77
19617 449.77
19618 449.77
19620 449.77
19621 449.77
19622 449.77
19623 449.77
19624 449.77
19625 449.77
19626 449.77
19627 449.77
19628 449.77
19629 449.825
19630 449.825
19631 449.825
19632 449.825
19633 449.825
19634 449.825
19635 449.825
19636 449.825
19637 449.825
19638 449.825
19639 449.825
19640 449.825
19642 449.825
19643 449.825
19644 449.825
19645 449.825
19646 449.825
19647 449.825
19648 449.825
19649 449.825
19650 449.825
19651 449.785
19653 449.785
19654 449.785
19655 449.785
19656 449.785
19657 449.785
19658 449.785
19659 449.785
19660 449.8
19662 449.8
19663 449.8
19664 449.8
19665 449.8
19666 449.8
19668 449.8
19669 449.8
19670 449.8
19671 449.8
19676 439.795
19677 439.795
19678 439.795
19679 449.795
19680 449.795
19683 449.795
19684 449.795
19685 449.795
19686 449.795
19688 449.795
19689 449.795
19690 449.795
19692 449.815
19693 449.815
19694 449.815
19695 449.815
19696 449.815
19697 449.815
19698 449.815
19699 449.815
19700 449.815
19701 449.815
19702 449.815
19703 449.815
19704 449.815
19705 449.815
19706 449.815
19707 449.815
19708 449.815
19709 449.815
19710 449.815
19711 449.815
19712 449.815
19713 449.815
19715 449.815
19716 449.815
19720 449.815
19721 449.815
19722 449.815
19723 449.815
19726 449.815
19727 449.815
19728 449.815
19729 449.815
19730 449.815
19731 449.815
19743 449.79
19744 449.79
19745 449.79
19746 449.79
19747 449.79
19748 449.79
19749 449.79
19750 449.79
19751 449.79
19752 449.79
19753 449.79
19754 449.79
19755 449.79
19756 449.79
19757 449.79
19758 449.79
19759 449.79
19760 449.79
19761 449.79
19762 449.79
19763 449.79
19764 449.79
19765 449.79
19766 449.79
19767 449.79
19768 449.79
19769 449.79
19770 449.79
19771 449.79
19772 449.79
19773 449.8
19774 449.8
19775 449.8
19776 449.8
19777 449.8
19778 449.8
19779 449.8
19780 449.8
19781 449.8
19782 449.8
19783 449.8
19785 449.8
19786 449.8
19787 449.8
19788 449.8
19789 449.8
19793 449.8
19794 449.8
19795 449.8
19796 449.8
19797 449.8
19798 449.8
19799 449.8
19800 449.8
19801 449.8
19802 449.8
19803 449.8
19805 449.8
19806 449.8
19807 449.8
19810 449.77
19811 449.77
19812 449.77
19813 449.77
19814 449.77
19815 449.77
19817 449.77
19818 449.77
19819 449.77
19820 449.77
19821 449.77
19822 449.77
19823 449.77
19824 449.77
19825 449.77
19826 449.77
19827 449.77
19828 449.77
19829 449.77
19830 449.77
19831 449.77
19832 449.77
19833 449.77
19834 449.77
19835 449.77
19836 449.77
19837 449.77
19838 449.77
19839 449.77
19840 449.77
19841 449.77
19842 449.77
19843 449.77
19844 449.77
19845 449.77
19846 449.77
19847 449.77
19848 449.77
19849 449.795
19850 449.795
19851 449.795
19852 449.795
19853 449.795
19854 449.795
19855 449.795
19856 449.795
19857 449.795
19860 449.815
19861 449.815
19862 449.815
19863 449.815
19864 449.815
19865 449.815
19866 449.815
19867 449.815
19868 449.815
19869 449.815
19870 449.815
19871 449.815
19872 449.815
19873 449.815
19874 449.815
19875 449.815
19876 449.815
19877 449.815
19878 449.815
19879 449.805
19880 449.805
19881 449.805
19882 449.805
19883 449.805
19884 449.805
19885 449.805
19886 449.805
19887 449.805
19888 449.805
19889 449.805
19890 449.8
19891 449.8
19892 449.8
19893 449.8
