19203 500.005
19204 500.005
19205 500.005
19206 500.005
19208 500.005
19209 500.005
19210 500.005
19211 500.005
19212 500.005
19213 500.005
19214 500.005
19215 500.005
19216 500.005
19217 500.005
19218 500.005
19219 500.005
19220 500.005
19221 500.005
19222 500.005
19223 500.005
19224 500.005
19225 500.005
19226 500.005
19228 500.005
19229 500.005
19231 500.005
19232 500.005
19233 500.005
19234 500.005
19235 500.005
19236 500.005
19237 500.005
19238 500.005
19239 500.005
19243 500.005
19244 500.005
19245 500.005
19246 500.005
19247 500.005
19248 500.005
19249 500.005
19250 500.005
19251 500.005
19252 500.005
19253 499.96
19254 499.96
19256 499.96
19257 499.96
19258 499.96
19259 499.945
19260 499.945
19280 0
19302 499.39
19303 100.065
19305 100.065
19306 100.065
19308 100.065
19309 100.065
19315 499.98
19316 499.98
19317 499.98
19318 499.98
19319 499.98
19321 499.96
19322 499.96
19323 499.96
19324 499.96
19325 499.96
19326 499.96
19327 499.96
19328 499.96
19329 499.96
19330 499.96
19331 499.96
19333 499.96
19334 499.96
19335 499.96
19336 499.96
19337 499.96
19338 499.96
19339 499.96
19340 499.96
19341 499.96
19342 499.96
19343 499.96
19344 499.96
19345 499.96
19346 499.96
19347 499.96
19348 499.96
19349 499.96
19351 499.96
19352 499.96
19353 499.96
19354 499.96
19355 499.96
19356 499.96
19357 499.96
19359 499.96
19360 499.96
19361 499.96
19362 499.96
19363 499.96
19364 499.96
19365 499.96
19366 499.96
19367 499.96
19381 99.985
19382 499.82
19383 499.82
19384 499.82
19385 499.82
19386 499.82
19387 499.82
19388 499.82
19389 499.82
19390 499.82
19391 499.82
19392 499.82
19393 499.82
19394 499.82
19395 499.82
19399 499.82
19400 499.82
19401 499.82
19403 499.82
19404 499.82
19405 499.82
19406 499.82
19407 499.82
19408 499.82
19409 499.82
19410 499.82
19411 499.82
19413 499.82
19414 499.82
19415 499.82
19416 499.82
19417 499.82
19418 499.82
19419 499.82
19420 499.82
19421 499.82
19422 499.82
19423 499.82
19424 499.82
19425 499.82
19426 499.82
19427 499.82
19428 499.82
19429 499.82
19430 499.82
19431 499.82
19432 499.82
19433 499.82
19434 499.82
19435 499.82
19436 499.82
19437 499.82
19438 499.82
19439 500.01
19440 500.01
19441 500.01
19442 500.01
19443 500.01
19444 500.01
19446 500.01
19447 500.01
19448 500.01
19449 500.01
19450 500.01
19451 500.01
19452 500.01
19453 500.01
19454 500.01
19455 500.01
19456 500.01
19457 500.01
19458 500.01
19459 500.01
19461 500.01
19462 500.01
19463 500.01
19464 500.01
19465 500.01
19466 500.01
19467 500.01
19468 500.01
19469 500.01
19470 500.01
19471 500.01
19472 500.01
19473 500.01
19475 500.01
19476 500.01
19477 500.01
19478 500.01
19479 500.01
19480 500.01
19481 500.01
19482 500.01
19483 500.01
19484 500.01
19485 500.01
19486 500.01
19487 500.01
19488 500.01
19489 500.01
19490 500.01
19491 500.01
19492 500.01
19493 500.01
19494 500.01
19495 500.01
19496 500.01
19497 500.01
19498 500.01
19499 500.01
19500 500.01
19501 500.01
19502 500.01
19503 500.01
19504 500.01
19505 500.01
19506 500.01
19507 500.01
19509 500.01
19510 500.01
19511 500.01
19512 500.01
19513 500.01
19515 500.01
19517 500.01
19518 500.01
19519 500.01
19520 500.01
19521 500.01
19522 500.01
19523 500.01
19524 500.01
19525 500.01
19526 500.01
19527 500.01
19528 500.01
19534 99.935
19535 499.915
19536 499.915
19537 499.915
19538 499.915
19539 499.915
19540 499.915
19541 499.915
19543 499.915
19544 499.915
19545 499.915
19546 499.915
19547 499.915
19548 499.915
19549 499.915
19550 499.915
19551 499.915
19552 499.915
19553 499.915
19554 499.915
19555 499.915
19556 499.915
19557 499.915
19558 499.915
19559 499.915
19561 499.915
19562 499.915
19563 499.915
19564 499.915
19565 499.915
19566 499.915
19567 499.915
19568 499.915
19569 499.915
19571 499.915
19572 499.915
19573 499.915
19574 499.915
19575 499.915
19576 499.915
19577 499.915
19578 499.915
19579 499.915
19580 499.915
19581 499.915
19582 499.915
19583 499.915
19584 499.915
19585 499.915
19586 499.915
19587 499.915
19588 499.915
19589 499.915
19590 499.915
19591 499.915
19592 499.915
19593 499.915
19594 499.915
19595 499.915
19596 499.915
19597 499.915
19598 499.915
19599 499.915
19600 499.915
19601 499.915
19602 499.915
19603 499.915
19604 499.81
19605 499.81
19606 499.81
19607 499.81
19608 499.81
19609 499.81
19610 499.81
19611 499.81
19612 499.81
19614 499.81
19615 499.81
19616 499.81
19617 499.81
19618 499.81
19620 499.81
19621 499.81
19622 499.81
19623 499.81
19624 499.81
19625 499.81
19626 499.81
19627 499.81
19628 499.81
19629 499.69
19630 499.69
19631 499.69
19632 499.69
19633 499.69
19634 499.69
19635 499.69
19636 499.69
19637 499.69
19638 499.69
19639 499.69
19640 499.69
19642 499.69
19643 499.69
19644 499.69
19645 499.69
19646 499.69
19647 499.69
19648 499.69
19649 499.69
19650 499.94
19651 499.94
19653 499.94
19654 499.94
19655 499.94
19656 499.94
19657 499.94
19658 499.94
19659 499.94
19660 499.96
19662 499.96
19663 499.96
19664 499.96
19665 499.96
19666 499.96
19668 499.96
19669 499.96
19670 499.96
19671 499.96
19676 499.98
19677 499.98
19678 499.98
19679 499.98
19680 499.98
19683 499.98
19684 499.98
19685 499.98
19686 499.98
19688 499.98
19689 499.98
19690 499.98
19692 499.685
19693 499.685
19694 499.685
19695 499.685
19696 499.685
19697 499.685
19698 499.685
19699 499.685
19700 499.685
19701 499.685
19702 499.685
19703 499.685
19704 499.685
19705 499.685
19706 499.685
19707 499.685
19708 499.685
19709 499.685
19710 499.685
19711 499.685
19712 499.685
19713 499.685
19715 499.685
19716 499.685
19720 499.685
19721 499.685
19722 499.685
19723 499.685
19726 499.685
19727 499.685
19728 499.685
19729 499.685
19730 499.685
19731 499.685
19743 499.99
19744 499.99
19745 499.99
19746 499.99
19747 499.99
19748 499.99
19749 499.99
19750 499.99
19751 499.99
19752 499.99
19753 499.99
19754 499.99
19755 499.99
19756 499.99
19757 499.99
19758 499.99
19759 499.99
19760 499.99
19761 499.99
19762 499.99
19763 499.99
19764 499.99
19765 499.99
19766 499.99
19767 499.99
19768 499.99
19769 499.99
19770 499.99
19771 499.99
19772 499.99
19773 499.975
19774 499.975
19775 499.975
19776 499.975
19777 499.975
19778 499.975
19779 499.975
19780 499.975
19781 499.975
19782 499.975
19783 499.975
19785 499.975
19786 499.975
19787 499.975
19788 499.975
19789 499.975
19793 499.975
19794 499.975
19795 499.975
19796 499.975
19797 499.975
19798 499.975
19799 499.975
19800 499.975
19801 499.975
19802 499.975
19803 499.975
19805 499.975
19806 499.975
19807 499.975
19810 499.965
19811 499.965
19812 499.965
19813 499.965
19814 499.965
19815 499.965
19817 499.965
19818 499.965
19819 499.965
19820 499.965
19821 499.965
19822 499.965
19823 499.965
19824 499.965
19825 499.965
19826 499.965
19827 499.965
19828 499.965
19829 499.965
19830 499.965
19831 499.965
19832 499.965
19833 499.965
19834 499.965
19835 499.965
19836 499.965
19837 499.965
19838 499.965
19839 499.965
19840 499.965
19841 499.965
19842 499.965
19843 499.965
19844 499.965
19845 499.965
19846 499.965
19847 499.965
19848 499.965
19849 499.96
19850 499.96
19851 499.96
19852 499.96
19853 499.96
19854 499.96
19855 499.96
19856 499.96
19857 499.96
19860 499.955
19861 499.955
19862 499.955
19863 499.955
19864 499.955
19865 499.955
19866 499.955
19867 499.955
19868 499.955
19869 499.955
19870 499.955
19871 499.955
19872 499.955
19873 499.955
19874 499.955
19875 499.955
19876 499.955
19877 499.955
19878 499.955
19879 499.96
19880 499.96
19881 499.96
19882 499.96
19883 499.96
19884 499.96
19885 499.96
19886 499.96
19887 499.96
19888 499.96
19889 499.96
19890 499.94
19891 499.94
19892 499.94
19893 499.94
