19203 449.8
19204 449.8
19205 449.8
19206 449.8
19208 449.8
19209 449.8
19210 449.8
19211 449.8
19212 449.8
19213 449.8
19214 449.8
19215 449.8
19216 449.8
19217 449.8
19218 449.8
19219 449.8
19220 449.8
19221 449.8
19222 449.8
19223 449.8
19224 449.8
19225 449.8
19226 449.8
19228 449.8
19229 449.8
19231 449.8
19232 449.8
19233 449.8
19234 449.8
19235 449.8
19236 449.8
19237 449.8
19238 449.8
19239 449.8
19243 449.8
19244 449.8
19245 449.8
19246 449.8
19247 449.8
19248 449.8
19249 449.8
19250 449.8
19251 449.8
19252 449.8
19253 449.825
19254 449.825
19256 449.825
19257 449.825
19258 449.825
19259 449.8
19260 449.8
19280 0
19302 449.825
19303 99.83
19305 99.83
19306 99.83
19308 99.83
19309 99.83
19315 449.835
19316 449.835
19317 449.835
19318 449.835
19319 449.835
19321 449.825
19322 449.825
19323 449.825
19324 449.825
19325 449.825
19326 449.825
19327 449.825
19328 449.825
19329 449.825
19330 449.825
19331 449.805
19333 449.805
19334 449.805
19335 449.805
19336 449.805
19337 449.805
19338 449.805
19339 449.805
19340 449.805
19341 449.805
19342 449.805
19343 449.805
19344 449.805
19345 449.805
19346 449.805
19347 449.805
19348 449.805
19349 449.805
19351 449.805
19352 449.805
19353 449.805
19354 449.805
19355 449.805
19356 449.805
19357 449.805
19359 449.805
19360 449.805
19361 449.805
19362 449.805
19363 449.805
19364 449.805
19365 449.805
19366 449.805
19367 449.805
19381 99.85
19382 449.835
19383 449.835
19384 449.835
19385 449.835
19386 449.835
19387 449.835
19388 449.835
19389 449.835
19390 449.835
19391 449.835
19392 449.835
19393 449.835
19394 449.835
19395 449.835
19399 449.835
19400 449.835
19401 449.835
19403 449.835
19404 449.835
19405 449.835
19406 449.835
19407 449.835
19408 449.835
19409 449.835
19410 449.835
19411 449.835
19413 449.835
19414 449.835
19415 449.835
19416 449.835
19417 449.835
19418 449.835
19419 449.835
19420 449.835
19421 449.835
19422 449.835
19423 449.835
19424 449.835
19425 449.835
19426 449.835
19427 449.835
19428 449.835
19429 449.835
19430 449.835
19431 449.835
19432 449.835
19433 449.835
19434 449.835
19435 449.835
19436 449.835
19437 449.835
19438 449.835
19439 449.39
19440 449.39
19441 449.39
19442 449.39
19443 449.39
19444 449.39
19446 449.39
19447 449.39
19448 449.39
19449 449.39
19450 449.39
19451 449.39
19452 449.39
19453 449.39
19454 449.39
19455 449.39
19456 449.39
19457 449.39
19458 449.39
19459 449.39
19461 449.39
19462 449.39
19463 449.39
19464 449.39
19465 449.39
19466 449.39
19467 449.39
19468 449.39
19469 449.39
19470 449.39
19471 449.39
19472 449.39
19473 449.39
19475 449.39
19476 449.39
19477 449.39
19478 449.39
19479 449.39
19480 449.39
19481 449.39
19482 449.39
19483 449.39
19484 449.39
19485 449.39
19486 449.39
19487 449.39
19488 449.39
19489 449.39
19490 449.39
19491 449.39
19492 449.39
19493 449.39
19494 449.39
19495 449.39
19496 449.39
19497 449.39
19498 449.39
19499 449.39
19500 449.39
19501 449.39
19502 449.39
19503 449.39
19504 449.39
19505 449.39
19506 449.39
19507 449.39
19509 449.39
19510 449.39
19511 449.39
19512 449.39
19513 449.39
19515 449.39
19517 449.39
19518 449.39
19519 449.39
19520 449.39
19521 449.39
19522 449.39
19523 449.39
19524 449.39
19525 449.39
19526 449.39
19527 449.39
19528 449.39
19534 99.57
19535 449.835
19536 449.835
19537 449.835
19538 449.835
19539 449.835
19540 449.835
19541 449.835
19543 449.835
19544 449.835
19545 449.835
19546 449.835
19547 449.835
19548 449.835
19549 449.835
19550 449.835
19551 449.835
19552 449.835
19553 449.835
19554 449.835
19555 449.835
19556 449.835
19557 449.835
19558 449.835
19559 449.835
19561 449.835
19562 449.835
19563 449.835
19564 449.835
19565 449.835
19566 449.835
19567 449.835
19568 449.835
19569 449.835
19571 449.835
19572 449.835
19573 449.835
19574 449.835
19575 449.835
19576 449.835
19577 449.835
19578 449.835
19579 449.835
19580 449.835
19581 449.835
19582 449.835
19583 449.835
19584 449.835
19585 449.835
19586 449.835
19587 449.835
19588 449.835
19589 449.835
19590 449.835
19591 449.835
19592 449.835
19593 449.835
19594 449.835
19595 449.835
19596 449.835
19597 449.835
19598 449.835
19599 449.835
19600 449.835
19601 449.835
19602 449.835
19603 449.835
19604 449.555
19605 449.555
19606 449.555
19607 449.555
19608 449.555
19609 449.555
19610 449.555
19611 449.555
19612 449.555
19614 449.555
19615 449.555
19616 449.555
19617 449.555
19618 449.555
19620 449.555
19621 449.555
19622 449.555
19623 449.555
19624 449.555
19625 449.555
19626 449.555
19627 449.555
19628 449.555
19629 449.845
19630 449.845
19631 449.845
19632 449.845
19633 449.845
19634 449.845
19635 449.845
19636 449.845
19637 449.845
19638 449.845
19639 449.845
19640 449.845
19642 449.845
19643 449.845
19644 449.845
19645 449.845
19646 449.845
19647 449.845
19648 449.845
19649 449.845
19650 449.845
19651 449.81
19653 449.81
19654 449.81
19655 449.81
19656 449.81
19657 449.81
19658 449.81
19659 449.81
19660 449.78
19662 449.78
19663 449.78
19664 449.78
19665 449.78
19666 449.78
19668 449.78
19669 449.78
19670 449.78
19671 449.78
19676 439.92
19677 439.92
19678 439.92
19679 449.75
19680 449.75
19683 449.75
19684 449.75
19685 449.75
19686 449.75
19688 449.75
19689 449.75
19690 449.75
19692 449.825
19693 449.825
19694 449.825
19695 449.825
19696 449.825
19697 449.825
19698 449.825
19699 449.825
19700 449.825
19701 449.825
19702 449.825
19703 449.825
19704 449.825
19705 449.825
19706 449.825
19707 449.825
19708 449.825
19709 449.825
19710 449.825
19711 449.825
19712 449.825
19713 449.825
19715 449.825
19716 449.825
19720 449.825
19721 449.825
19722 449.825
19723 449.825
19726 449.825
19727 449.825
19728 449.825
19729 449.825
19730 449.825
19731 449.825
19743 449.725
19744 449.725
19745 449.725
19746 449.725
19747 449.725
19748 449.725
19749 449.725
19750 449.725
19751 449.725
19752 449.725
19753 449.725
19754 449.725
19755 449.725
19756 449.725
19757 449.725
19758 449.725
19759 449.725
19760 449.725
19761 449.725
19762 449.725
19763 449.725
19764 449.725
19765 449.725
19766 449.725
19767 449.725
19768 449.725
19769 449.725
19770 449.725
19771 449.725
19772 449.725
19773 449.805
19774 449.805
19775 449.805
19776 449.805
19777 449.805
19778 449.805
19779 449.805
19780 449.805
19781 449.805
19782 449.805
19783 449.805
19785 449.805
19786 449.805
19787 449.805
19788 449.805
19789 449.805
19793 449.805
19794 449.805
19795 449.805
19796 449.805
19797 449.805
19798 449.805
19799 449.805
19800 449.805
19801 449.805
19802 449.805
19803 449.805
19805 449.805
19806 449.805
19807 449.805
19810 449.57
19811 449.57
19812 449.57
19813 449.57
19814 449.57
19815 449.57
19817 449.57
19818 449.57
19819 449.57
19820 449.57
19821 449.57
19822 449.57
19823 449.57
19824 449.57
19825 449.57
19826 449.57
19827 449.57
19828 449.57
19829 449.57
19830 449.57
19831 449.57
19832 449.57
19833 449.57
19834 449.57
19835 449.57
19836 449.57
19837 449.57
19838 449.57
19839 449.57
19840 449.57
19841 449.57
19842 449.57
19843 449.57
19844 449.57
19845 449.57
19846 449.57
19847 449.57
19848 449.57
19849 449.825
19850 449.825
19851 449.825
19852 449.825
19853 449.825
19854 449.825
19855 449.825
19856 449.825
19857 449.825
19860 449.855
19861 449.855
19862 449.855
19863 449.855
19864 449.855
19865 449.855
19866 449.855
19867 449.855
19868 449.855
19869 449.855
19870 449.855
19871 449.855
19872 449.855
19873 449.855
19874 449.855
19875 449.855
19876 449.855
19877 449.855
19878 449.855
19879 449.82
19880 449.82
19881 449.82
19882 449.82
19883 449.82
19884 449.82
19885 449.82
19886 449.82
19887 449.82
19888 449.82
19889 449.82
19890 449.835
19891 449.835
19892 449.835
19893 449.835
