19203 530.05
19204 530.05
19205 530.05
19206 530.05
19208 530.05
19209 530.05
19210 530.05
19211 530.05
19212 530.05
19213 530.05
19214 530.05
19215 530.05
19216 530.05
19217 530.05
19218 530.05
19219 530.05
19220 530.05
19221 530.05
19222 530.05
19223 530.05
19224 530.05
19225 530.05
19226 530.05
19228 530.05
19229 530.05
19231 530.05
19232 530.05
19233 530.05
19234 530.05
19235 530.05
19236 530.05
19237 530.05
19238 530.05
19239 530.05
19243 530.05
19244 530.05
19245 530.05
19246 530.05
19247 530.05
19248 530.05
19249 530.05
19250 530.05
19251 530.05
19252 530.05
19253 530.045
19254 530.045
19256 530.045
19257 530.045
19258 530.045
19259 530.055
19260 530.055
19280 0
19302 530.04
19303 100.085
19305 100.085
19306 100.085
19308 100.085
19309 100.085
19315 529.38
19316 529.38
19317 529.38
19318 529.38
19319 529.38
19321 530.045
19322 530.045
19323 530.045
19324 530.045
19325 530.045
19326 530.045
19327 530.045
19328 530.045
19329 530.045
19330 530.045
19331 530.04
19333 530.04
19334 530.04
19335 530.04
19336 530.04
19337 530.04
19338 530.04
19339 530.04
19340 530.04
19341 530.04
19342 530.04
19343 530.04
19344 530.04
19345 530.04
19346 530.04
19347 530.04
19348 530.04
19349 530.04
19351 530.04
19352 530.04
19353 530.04
19354 530.04
19355 530.04
19356 530.04
19357 530.04
19359 530.04
19360 530.04
19361 530.04
19362 530.04
19363 530.04
19364 530.04
19365 530.04
19366 530.04
19367 530.04
19381 100.085
19382 530.04
19383 530.04
19384 530.04
19385 530.04
19386 530.04
19387 530.04
19388 530.04
19389 530.04
19390 530.04
19391 530.04
19392 530.04
19393 530.04
19394 530.04
19395 530.04
19399 530.04
19400 530.04
19401 530.04
19403 530.04
19404 530.04
19405 530.04
19406 530.04
19407 530.04
19408 530.04
19409 530.04
19410 530.04
19411 530.04
19413 530.04
19414 530.04
19415 530.04
19416 530.04
19417 530.04
19418 530.04
19419 530.04
19420 530.04
19421 530.04
19422 530.04
19423 530.04
19424 530.04
19425 530.04
19426 530.04
19427 530.04
19428 530.04
19429 530.04
19430 530.04
19431 530.04
19432 530.04
19433 530.04
19434 530.04
19435 530.04
19436 530.04
19437 530.04
19438 530.04
19439 530.03
19440 530.03
19441 530.03
19442 530.03
19443 530.03
19444 530.03
19446 530.03
19447 530.03
19448 530.03
19449 530.03
19450 530.03
19451 530.03
19452 530.03
19453 530.03
19454 530.03
19455 530.03
19456 530.03
19457 530.03
19458 530.03
19459 530.03
19461 530.03
19462 530.03
19463 530.03
19464 530.03
19465 530.03
19466 530.03
19467 530.03
19468 530.03
19469 530.03
19470 530.03
19471 530.03
19472 530.03
19473 530.03
19475 530.03
19476 530.03
19477 530.03
19478 530.03
19479 530.03
19480 530.03
19481 530.03
19482 530.03
19483 530.03
19484 530.03
19485 530.03
19486 530.03
19487 530.03
19488 530.03
19489 530.03
19490 530.03
19491 530.03
19492 530.03
19493 530.03
19494 530.03
19495 530.03
19496 530.03
19497 530.03
19498 530.03
19499 530.03
19500 530.03
19501 530.03
19502 530.03
19503 530.03
19504 530.03
19505 530.03
19506 530.03
19507 530.03
19509 530.03
19510 530.03
19511 530.03
19512 530.03
19513 530.03
19515 530.03
19517 530.03
19518 530.03
19519 530.03
19520 530.03
19521 530.03
19522 530.03
19523 530.03
19524 530.03
19525 530.03
19526 530.03
19527 530.03
19528 530.03
19534 100.02
19535 529.965
19536 529.965
19537 529.965
19538 529.965
19539 529.965
19540 529.965
19541 529.965
19543 529.965
19544 529.965
19545 529.965
19546 529.965
19547 529.965
19548 529.965
19549 529.965
19550 529.965
19551 529.965
19552 529.965
19553 529.965
19554 529.965
19555 529.965
19556 529.965
19557 529.965
19558 529.965
19559 529.965
19561 529.965
19562 529.965
19563 529.965
19564 529.965
19565 529.965
19566 529.965
19567 529.965
19568 529.965
19569 529.965
19571 529.965
19572 529.965
19573 529.965
19574 529.965
19575 529.965
19576 529.965
19577 529.965
19578 529.965
19579 529.965
19580 529.965
19581 529.965
19582 529.965
19583 529.965
19584 529.965
19585 529.965
19586 529.965
19587 529.965
19588 529.965
19589 529.965
19590 529.965
19591 529.965
19592 529.965
19593 529.965
19594 529.965
19595 529.965
19596 529.965
19597 529.965
19598 529.965
19599 529.965
19600 529.965
19601 529.965
19602 529.965
19603 529.965
19604 530.055
19605 530.055
19606 530.055
19607 530.055
19608 530.055
19609 530.055
19610 530.055
19611 530.055
19612 530.055
19614 530.055
19615 530.055
19616 530.055
19617 530.055
19618 530.055
19620 530.055
19621 530.055
19622 530.055
19623 530.055
19624 530.055
19625 530.055
19626 530.055
19627 530.055
19628 530.055
19629 530.065
19630 530.065
19631 530.065
19632 530.065
19633 530.065
19634 530.065
19635 530.065
19636 530.065
19637 530.065
19638 530.065
19639 530.065
19640 530.065
19642 530.065
19643 530.065
19644 530.065
19645 530.065
19646 530.065
19647 530.065
19648 530.065
19649 530.065
19650 530.065
19651 530.055
19653 530.055
19654 530.055
19655 530.055
19656 530.055
19657 530.055
19658 530.055
19659 530.055
19660 530.04
19662 530.04
19663 530.04
19664 530.04
19665 530.04
19666 530.04
19668 530.04
19669 530.04
19670 530.04
19671 530.04
19676 530.065
19677 530.065
19678 530.065
19679 530.065
19680 530.065
19683 530.065
19684 530.065
19685 530.065
19686 530.065
19688 530.065
19689 530.065
19690 530.065
19692 530.06
19693 530.06
19694 530.06
19695 530.06
19696 530.06
19697 530.06
19698 530.06
19699 530.06
19700 530.06
19701 530.06
19702 530.06
19703 530.06
19704 530.06
19705 530.06
19706 530.06
19707 530.06
19708 530.06
19709 530.06
19710 530.06
19711 530.06
19712 530.06
19713 530.06
19715 530.06
19716 530.06
19720 530.06
19721 530.06
19722 530.06
19723 530.06
19726 530.06
19727 530.06
19728 530.06
19729 530.06
19730 530.06
19731 530.06
19743 530.045
19744 530.045
19745 530.045
19746 530.045
19747 530.045
19748 530.045
19749 530.045
19750 530.045
19751 530.045
19752 530.045
19753 530.045
19754 530.045
19755 530.045
19756 530.045
19757 530.045
19758 530.045
19759 530.045
19760 530.045
19761 530.045
19762 530.045
19763 530.045
19764 530.045
19765 530.045
19766 530.045
19767 530.045
19768 530.045
19769 530.045
19770 530.045
19771 530.045
19772 530.045
19773 530.06
19774 530.06
19775 530.06
19776 530.06
19777 530.06
19778 530.06
19779 530.06
19780 530.06
19781 530.06
19782 530.06
19783 530.06
19785 530.06
19786 530.06
19787 530.06
19788 530.06
19789 530.06
19793 530.06
19794 530.06
19795 530.06
19796 530.06
19797 530.06
19798 530.06
19799 530.06
19800 530.06
19801 530.06
19802 530.06
19803 530.06
19805 530.06
19806 530.06
19807 530.06
19810 530.035
19811 530.035
19812 530.035
19813 530.035
19814 530.035
19815 530.035
19817 530.035
19818 530.035
19819 530.035
19820 530.035
19821 530.035
19822 530.035
19823 530.035
19824 530.035
19825 530.035
19826 530.035
19827 530.035
19828 530.035
19829 530.035
19830 530.035
19831 530.035
19832 530.035
19833 530.035
19834 530.035
19835 530.035
19836 530.035
19837 530.035
19838 530.035
19839 530.035
19840 530.035
19841 530.035
19842 530.035
19843 530.035
19844 530.035
19845 530.035
19846 530.035
19847 530.035
19848 530.035
19849 530.055
19850 530.055
19851 530.055
19852 530.055
19853 530.055
19854 530.055
19855 530.055
19856 530.055
19857 530.055
19860 530.075
19861 530.075
19862 530.075
19863 530.075
19864 530.075
19865 530.075
19866 530.075
19867 530.075
19868 530.075
19869 530.075
19870 530.075
19871 530.075
19872 530.075
19873 530.075
19874 530.075
19875 530.075
19876 530.075
19877 530.075
19878 530.075
19879 530.065
19880 530.065
19881 530.065
19882 530.065
19883 530.065
19884 530.065
19885 530.065
19886 530.065
19887 530.065
19888 530.065
19889 530.065
19890 530.06
19891 530.06
19892 530.06
19893 530.06
