19203 490.015
19204 490.015
19205 490.015
19206 490.015
19208 490.85
19209 490.85
19210 490.85
19211 490.85
19212 490.85
19213 490.85
19214 490.85
19215 490.85
19216 490.85
19217 490.85
19218 490.85
19219 490.85
19220 490.85
19221 490.85
19222 490.85
19223 490.85
19224 490.85
19225 490.85
19226 490.85
19228 490.85
19229 490.85
19231 490.85
19232 490.85
19233 490.85
19234 490.85
19235 490.12
19236 490.12
19237 490.12
19238 490.12
19239 490.12
19243 490.735
19244 490.735
19245 490.735
19246 490.735
19247 490.735
19248 490.735
19249 490.735
19250 490.735
19251 490.735
19252 490.735
19253 490.11
19254 490.11
19256 490.04
19257 490.04
19258 490.04
19259 489.93
19260 490.03
19280 0
19302 489.14
19303 100.06
19305 100.06
19306 100.06
19308 100.06
19309 100.06
19315 490.065
19316 490.13
19317 490.38
19318 490.48
19319 490.145
19321 490.08
19322 490.13
19323 490.775
19324 490.13
19325 490.13
19326 490.13
19327 490.13
19328 490.13
19329 490.13
19330 490.13
19331 490.01
19333 490.01
19334 490.01
19335 490.01
19336 490.01
19337 490.01
19338 490.01
19339 490.01
19340 490.03
19341 490.03
19342 490.03
19343 490.03
19344 490.03
19345 490.03
19346 490.56
19347 490.56
19348 490.56
19349 490.56
19351 490.56
19352 490.56
19353 490.56
19354 490.54
19355 490.54
19356 490.245
19357 490.245
19359 490.245
19360 490.245
19361 490.245
19362 490.245
19363 490.245
19364 490.245
19365 490.97
19366 490.97
19367 490.97
19381 100.08
19382 489.78
19383 489.78
19384 489.78
19385 489.78
19386 489.78
19387 489.78
19388 489.78
19389 489.78
19390 490.04
19391 490.04
19392 490.04
19393 490.04
19394 490.04
19395 490.02
19399 490.02
19400 490.02
19401 490.02
19403 490.02
19404 490.02
19405 490.02
19406 490.47
19407 490.23
19408 490.23
19409 490.23
19410 490.23
19411 490.23
19413 490.885
19414 490.885
19415 490.885
19416 490.885
19417 490.885
19418 490.885
19419 490.885
19420 490.885
19421 490.025
19422 490.675
19423 490.1
19424 490.1
19425 490.1
19426 490.1
19427 490.1
19428 490.1
19429 490.1
19430 490.1
19431 490.1
19432 490.1
19433 490.1
19434 490.1
19435 490.1
19436 490.1
19437 490.01
19438 490.01
19439 489.99
19440 489.99
19441 490.075
19442 490.075
19443 490.075
19444 490.48
19446 490.48
19447 490.43
19448 490.65
19449 490.085
19450 490.13
19451 490.13
19452 490.13
19453 490.13
19454 490.13
19455 490.635
19456 490.635
19457 490.01
19458 490.01
19459 490.01
19461 490.01
19462 490.01
19463 490.01
19464 490.015
19465 490.015
19466 490.12
19467 490.12
19468 490.12
19469 490.12
19470 490.49
19471 490.49
19472 490.49
19473 490.49
19475 490.49
19476 490.49
19477 490.57
19478 490.57
19479 490.845
19480 490.01
19481 490.01
19482 490.01
19483 490.01
19484 490.01
19485 490.01
19486 490.01
19487 490.145
19488 490.145
19489 490.145
19490 490.145
19491 490.095
19492 490.095
19493 490.82
19494 490.27
19495 490.27
19496 490.27
19497 490.055
19498 490.055
19499 490.715
19500 490.095
19501 490.095
19502 490.85
19503 490.85
19504 490.85
19505 490.075
19506 490.075
19507 490.075
19509 490.075
19510 490.005
19511 490.005
19512 490.45
19513 490.45
19515 490.45
19517 490.58
19518 490.58
19519 490.09
19520 490.09
19521 490.09
19522 490.73
19523 490.73
19524 489.14
19525 489.14
19526 489.14
19527 489.14
19528 490.08
19534 99.985
19535 489.985
19536 489.985
19537 489.985
19538 489.985
19539 489.985
19540 489.985
19541 489.985
19543 489.985
19544 489.985
19545 490.075
19546 490.075
19547 490.075
19548 490.075
19549 490.27
19550 490.27
19551 490.27
19552 490.035
19553 490.035
19554 490.035
19555 490.035
19556 490.035
19557 490.035
19558 490.945
19559 490.1
19561 490.53
19562 490.53
19563 490.53
19564 490.53
19565 490.53
19566 490.93
19567 490.93
19568 490.85
19569 490.85
19571 490.85
19572 490.73
19573 490.325
19574 490.325
19575 490.325
19576 490.325
19577 490.325
19578 490.615
19579 490.01
19580 490.01
19581 490.01
19582 490.01
19583 490.01
19584 490.01
19585 490.01
19586 490.01
19587 490.01
19588 490.01
19589 490.01
19590 490.655
19591 490.655
19592 490.155
19593 490.03
19594 490.42
19595 490.42
19596 490.89
19597 490.89
19598 490.89
19599 490.1
19600 490.1
19601 490.1
19602 490.925
19603 490.01
19604 489.86
19605 489.86
19606 489.86
19607 489.86
19608 489.86
19609 489.86
19610 490.09
19611 490.09
19612 490.09
19614 490.09
19615 490.09
19616 490.105
19617 490.105
19618 490.83
19620 490.14
19621 490.14
19622 490.14
19623 490.96
19624 490.96
19625 490.96
19626 490.49
19627 490.11
19628 490.935
19629 489.75
19630 490.63
19631 490.63
19632 490.63
19633 490.63
19634 490.02
19635 490.04
19636 490.04
19637 489.975
19638 489.975
19639 489.975
19640 490.795
19642 490.795
19643 490.09
19644 490.09
19645 490.09
19646 490.09
19647 490.09
19648 490.65
19649 490.65
19650 490.65
19651 489.985
19653 489.985
19654 489.985
19655 490.64
19656 490.64
19657 489.975
19658 490.055
19659 489.545
19660 489.94
19662 489.94
19663 489.94
19664 489.94
19665 489.94
19666 489.94
19668 489.94
19669 489.94
19670 489.94
19671 489.94
19676 490.01
19677 489.41
19678 490.36
19679 490.36
19680 490.01
19683 490.97
19684 490.97
19685 490.97
19686 490.775
19688 490.035
19689 490.165
19690 490.165
19692 489.75
19693 490.01
19694 490.01
19695 490.01
19696 489.405
19697 489.405
19698 489.995
19699 489.995
19700 489.995
19701 489.995
19702 489.995
19703 489.995
19704 489.995
19705 489.16
19706 490.87
19707 490
19708 490
19709 490
19710 490
19711 490.82
19712 490.82
19713 490.82
19715 490.82
19716 490.945
19720 490.945
19721 490.945
19722 490.305
19723 490.305
19726 490.305
19727 490.305
19728 490.305
19729 490.305
19730 490.795
19731 489.995
19743 489.99
19744 490.61
19745 490.315
19746 490.04
19747 490.04
19748 490.655
19749 489.99
19750 490.01
19751 490.01
19752 490.01
19753 490.1
19754 490.1
19755 490.1
19756 490.055
19757 490.945
19758 490.745
19759 490.44
19760 490.44
19761 490.44
19762 490.44
19763 490.44
19764 490.44
19765 490.44
19766 490.44
19767 490.055
19768 490.59
19769 490.07
19770 490.03
19771 490.03
19772 490.025
19773 489.975
19774 489.975
19775 490.005
19776 490.005
19777 490.005
19778 490.005
19779 490.005
19780 490.005
19781 490.005
19782 490.005
19783 490.005
19785 489.895
19786 489.895
19787 490.065
19788 490.11
19789 490.11
19793 490.11
19794 490.11
19795 490.02
19796 490.02
19797 490.02
19798 490.02
19799 490.72
19800 490.72
19801 490.315
19802 490.315
19803 490.315
19805 490.315
19806 490.02
19807 490.02
19810 490.01
19811 490.075
19812 490.615
19813 490.615
19814 490.67
19815 490.67
19817 490.67
19818 490.67
19819 490.67
19820 490.67
19821 490.67
19822 490.67
19823 490.67
19824 490.67
19825 490.67
19826 490.67
19827 490.695
19828 490.695
19829 490.695
19830 490.16
19831 490.16
19832 490.91
19833 490.91
19834 490.605
19835 490.605
19836 490.605
19837 490.605
19838 490.645
19839 490.645
19840 490.02
19841 490.02
19842 490.9
19843 490.9
19844 490.9
19845 490.9
19846 490.9
19847 490.735
19848 489.73
19849 489.94
19850 489.94
19851 489.94
19852 489.94
19853 489.94
19854 489.94
19855 489.94
19856 490.055
19857 490.035
19860 490.01
19861 490.01
19862 490.015
19863 490.035
19864 490.035
19865 489.55
19866 489.55
19867 490.03
19868 490.03
19869 490.175
19870 490.175
19871 490.175
19872 490.175
19873 489.995
19874 490
19875 490
19876 490.595
19877 490.93
19878 490.765
19879 490.84
19880 490.84
19881 490.84
19882 490.84
19883 490.84
19884 490.84
19885 490.84
19886 490.81
19887 490.04
19888 490.03
19889 490.63
19890 490.245
19891 490.245
19892 490.245
19893 490.245
