19203 450.185
19204 450.185
19205 450.185
19206 450.185
19208 450.185
19209 450.185
19210 450.185
19211 450.185
19212 450.185
19213 450.185
19214 450.185
19215 450.185
19216 450.185
19217 450.185
19218 450.185
19219 450.185
19220 450.185
19221 450.185
19222 450.185
19223 450.185
19224 450.185
19225 450.185
19226 450.185
19228 450.185
19229 450.185
19231 450.185
19232 450.185
19233 450.185
19234 450.185
19235 450.185
19236 450.185
19237 450.185
19238 450.185
19239 450.185
19243 450.185
19244 450.185
19245 450.185
19246 450.185
19247 450.185
19248 450.185
19249 450.185
19250 450.185
19251 450.185
19252 450.185
19253 450.145
19254 450.145
19256 450.145
19257 450.145
19258 450.145
19259 450.14
19260 450.14
19280 0
19302 450.15
19303 100.135
19305 100.135
19306 100.135
19308 100.135
19309 100.135
19315 449.82
19316 449.82
19317 449.82
19318 449.82
19319 449.82
19321 449.315
19322 449.315
19323 449.315
19324 449.315
19325 449.315
19326 449.315
19327 449.315
19328 449.315
19329 449.315
19330 449.315
19331 450.165
19333 450.165
19334 450.165
19335 450.165
19336 450.165
19337 450.165
19338 450.165
19339 450.165
19340 450.165
19341 450.165
19342 450.165
19343 450.165
19344 450.165
19345 450.165
19346 450.165
19347 450.165
19348 450.165
19349 450.165
19351 450.165
19352 450.165
19353 450.165
19354 450.165
19355 450.165
19356 450.165
19357 450.165
19359 450.165
19360 450.165
19361 450.165
19362 450.165
19363 450.165
19364 450.165
19365 450.165
19366 450.165
19367 450.165
19381 100.11
19382 450.22
19383 450.22
19384 450.22
19385 450.22
19386 450.135
19387 450.135
19388 450.135
19389 450.135
19390 450.135
19391 450.135
19392 450.135
19393 450.135
19394 450.135
19395 450.135
19399 450.135
19400 450.135
19401 450.135
19403 450.135
19404 450.135
19405 450.135
19406 450.135
19407 450.135
19408 450.135
19409 450.135
19410 450.135
19411 450.135
19413 450.135
19414 450.135
19415 450.135
19416 450.135
19417 450.135
19418 450.135
19419 450.135
19420 450.135
19421 450.135
19422 450.135
19423 450.135
19424 450.135
19425 450.135
19426 450.135
19427 450.135
19428 450.135
19429 450.135
19430 450.135
19431 450.135
19432 450.135
19433 450.135
19434 450.135
19435 450.135
19436 450.135
19437 450.135
19438 450.135
19439 450.205
19440 450.205
19441 450.205
19442 450.205
19443 450.205
19444 450.205
19446 450.205
19447 450.205
19448 450.205
19449 450.205
19450 450.205
19451 450.205
19452 450.205
19453 450.205
19454 450.205
19455 450.205
19456 450.205
19457 450.205
19458 450.205
19459 450.205
19461 450.205
19462 450.205
19463 450.205
19464 450.205
19465 450.205
19466 450.205
19467 450.205
19468 450.205
19469 450.205
19470 450.205
19471 450.205
19472 450.205
19473 450.205
19475 450.205
19476 450.205
19477 450.115
19478 449.99
19479 449.99
19480 449.99
19481 449.99
19482 449.99
19483 449.99
19484 449.99
19485 449.99
19486 449.99
19487 449.99
19488 449.99
19489 449.99
19490 449.99
19491 449.99
19492 449.99
19493 449.99
19494 449.99
19495 449.99
19496 449.99
19497 449.99
19498 449.99
19499 449.99
19500 449.99
19501 449.99
19502 449.99
19503 449.99
19504 449.99
19505 449.99
19506 449.99
19507 449.99
19509 449.99
19510 449.99
19511 449.99
19512 449.99
19513 449.99
19515 449.99
19517 449.99
19518 449.99
19519 449.99
19520 449.99
19521 449.99
19522 449.99
19523 449.99
19524 449.99
19525 449.99
19526 449.99
19527 449.99
19528 449.99
19534 100.085
19535 450.13
19536 450.13
19537 450.13
19538 450.13
19539 450.13
19540 450.13
19541 450.13
19543 450.13
19544 450.13
19545 450.13
19546 450.13
19547 450.13
19548 450.13
19549 450.13
19550 450.13
19551 450.13
19552 450.13
19553 450.13
19554 450.13
19555 450.13
19556 450.13
19557 450.13
19558 450.13
19559 450.13
19561 450.13
19562 450.13
19563 450.13
19564 450.13
19565 450.13
19566 450.13
19567 450.13
19568 450.13
19569 450.13
19571 450.13
19572 450.13
19573 449.32
19574 449.32
19575 449.32
19576 449.32
19577 449.32
19578 449.32
19579 449.32
19580 449.32
19581 449.32
19582 449.32
19583 449.32
19584 449.32
19585 449.32
19586 449.32
19587 449.32
19588 449.32
19589 449.32
19590 449.32
19591 449.32
19592 449.32
19593 449.32
19594 449.32
19595 449.32
19596 449.32
19597 449.32
19598 449.32
19599 449.32
19600 449.32
19601 449.32
19602 449.32
19603 449.32
19604 450.185
19605 450.185
19606 450.185
19607 450.185
19608 450.185
19609 450.185
19610 450.185
19611 450.185
19612 450.185
19614 450.185
19615 450.185
19616 450.185
19617 450.185
19618 450.185
19620 450.185
19621 450.185
19622 450.185
19623 450.185
19624 450.185
19625 450.185
19626 450.185
19627 450.185
19628 450.185
19629 450.19
19630 450.19
19631 450.19
19632 450.19
19633 450.19
19634 450.19
19635 450.19
19636 450.19
19637 450.19
19638 450.19
19639 450.19
19640 450.19
19642 450.19
19643 0.775
19644 0.995
19645 0.995
19646 0.995
19647 0.995
19648 0.995
19649 0.97
19650 0.97
19651 0.01
19653 0.01
19654 0.01
19655 0.01
19656 0.01
19657 0.01
19658 0.01
19659 0.01
19660 0
19662 0
19663 0
19664 0
19665 0
19666 0
19668 0
19669 0
19670 0
19671 0
19676 0
19677 0
19678 0
19679 0
19680 0
19683 0
19684 0
19685 0
19686 0
19688 0
19689 0
19690 0
19692 0.81
19693 0.81
19694 0.81
19695 0.81
19696 0.81
19697 0.81
19698 0.81
19699 0.81
19700 0.81
19701 0.81
19702 0.81
19703 0.81
19704 0.81
19705 0.81
19706 0.81
19707 0.81
19708 0.81
19709 0.81
19710 0.81
19711 0.81
19712 0.81
19713 0.81
19715 0.81
19716 0.81
19720 0.81
19721 0.81
19722 0.81
19723 0.81
19726 0.81
19727 0.81
19728 0.81
19729 0.81
19730 0.81
19731 0.81
19743 0
19744 0
19745 0
19746 0
19747 0
19748 0
19749 0
19750 0
19751 0
19752 0
19753 0
19754 0
19755 0
19756 0
19757 0
19758 0
19759 0
19760 0
19761 0
19762 0
19763 0
19764 0
19765 0
19766 0
19767 0
19768 0
19769 0
19770 0
19771 0
19772 0
19773 0.585
19774 0.585
19775 0.585
19776 0.585
19777 0.585
19778 0.585
19779 0.585
19780 0.585
19781 0.585
19782 0.585
19783 0.585
19785 0.585
19786 0.585
19787 0.585
19788 0.585
19789 0.585
19793 0.585
19794 0.585
19795 0.585
19796 0.585
19797 0.585
19798 0.585
19799 0.585
19800 0.585
19801 0.585
19802 0.585
19803 0.585
19805 0.585
19806 0.585
19807 0.585
19810 0.49
19811 0.49
19812 0.49
19813 0.49
19814 0.49
19815 0.49
19817 0.49
19818 0.49
19819 0.49
19820 0.49
19821 0.49
19822 0.49
19823 0.49
19824 0.49
19825 0.49
19826 0.49
19827 0.49
19828 0.49
19829 0.49
19830 0.49
19831 0.49
19832 0.49
19833 0.49
19834 0.49
19835 0.49
19836 0.49
19837 0.49
19838 0.49
19839 0.49
19840 0.49
19841 0.49
19842 0.49
19843 0.49
19844 0.49
19845 0.49
19846 0.49
19847 0.49
19848 0.49
19849 0.415
19850 0.415
19851 0.415
19852 0.415
19853 0.415
19854 0.415
19855 0.415
19856 0.415
19857 0.415
19860 400.13
19861 0.63
19862 0.63
19863 0.63
19864 0.63
19865 0.63
19866 0.63
19867 0.63
19868 0.63
19869 0.63
19870 0.63
19871 0.63
19872 0.63
19873 0.63
19874 0.63
19875 0.63
19876 0.63
19877 0.63
19878 0.63
19879 0.91
19880 0.91
19881 0.91
19882 0.91
19883 0.91
19884 0.91
19885 0.91
19886 0.91
19887 0.91
19888 0.91
19889 0.91
19890 0.38
19891 0.38
19892 0.38
19893 0.38
