19203 470.08
19204 470.08
19205 470.08
19206 470.08
19208 470.08
19209 470.08
19210 470.08
19211 470.08
19212 470.08
19213 470.08
19214 470.08
19215 470.08
19216 470.08
19217 470.08
19218 470.08
19219 470.08
19220 470.08
19221 470.08
19222 470.08
19223 470.08
19224 470.08
19225 470.08
19226 470.08
19228 470.005
19229 470.005
19231 470.005
19232 470.005
19233 470.005
19234 470.005
19235 470.005
19236 470.12
19237 470.12
19238 470.12
19239 470.115
19243 470.115
19244 470.115
19245 470.115
19246 470.115
19247 470.115
19248 470.115
19249 470.115
19250 470.115
19251 470.115
19252 470.125
19253 470.11
19254 470.11
19256 470.11
19257 470.11
19258 470.11
19259 470.11
19260 470.11
19280 0
19302 469.365
19303 100.115
19305 100.115
19306 100.115
19308 100.115
19309 100.115
19315 470.09
19316 470.09
19317 470.09
19318 470.09
19319 470.09
19321 470.13
19322 470.13
19323 470.13
19324 470.13
19325 470.13
19326 470.13
19327 470.13
19328 470.13
19329 470.13
19330 470.13
19331 470.08
19333 470.08
19334 470.08
19335 470.08
19336 470.08
19337 470.08
19338 470.08
19339 470.08
19340 470.08
19341 470.08
19342 470.08
19343 470.08
19344 470.08
19345 470.08
19346 470.08
19347 470.08
19348 470.08
19349 470.08
19351 469.61
19352 469.61
19353 469.61
19354 469.61
19355 469.61
19356 469.61
19357 469.61
19359 469.61
19360 469.61
19361 469.61
19362 469.61
19363 469.61
19364 469.61
19365 469.61
19366 469.61
19367 469.61
19381 100.12
19382 469.745
19383 469.745
19384 469.745
19385 470.035
19386 470.035
19387 470.035
19388 470.035
19389 470.035
19390 470.115
19391 470.115
19392 470.115
19393 470.115
19394 470.115
19395 470.115
19399 470.115
19400 470.115
19401 470.115
19403 470.115
19404 470.115
19405 470.115
19406 470.115
19407 470.115
19408 470.115
19409 470.115
19410 470.115
19411 470.115
19413 470.115
19414 470.115
19415 470.115
19416 470.115
19417 470.115
19418 470.115
19419 470.115
19420 470.115
19421 470.115
19422 470.115
19423 470.115
19424 469.41
19425 469.41
19426 469.41
19427 469.41
19428 469.41
19429 469.41
19430 469.41
19431 469.41
19432 469.41
19433 469.41
19434 469.41
19435 469.41
19436 469.41
19437 469.41
19438 470.125
19439 470.08
19440 470.08
19441 470.08
19442 470.08
19443 470.08
19444 470.08
19446 470.08
19447 470.08
19448 470.08
19449 470.08
19450 470.08
19451 470.08
19452 470.08
19453 470.08
19454 470.08
19455 470.08
19456 470.08
19457 470.08
19458 470.08
19459 470.08
19461 470.08
19462 470.08
19463 470.08
19464 470.08
19465 470.08
19466 470.08
19467 470.08
19468 470.08
19469 470.08
19470 470.08
19471 470.08
19472 470.08
19473 470.08
19475 470.08
19476 470.08
19477 470.08
19478 470.08
19479 470.08
19480 470.08
19481 470.08
19482 470.08
19483 470.08
19484 470.08
19485 470.08
19486 470.08
19487 470.08
19488 470.08
19489 470.08
19490 470.08
19491 470.08
19492 470.08
19493 470.08
19494 470.08
19495 470.08
19496 470.08
19497 470.08
19498 470.08
19499 470.08
19500 470.08
19501 470.08
19502 470.08
19503 470.08
19504 470.08
19505 470.08
19506 470.08
19507 470.08
19509 469.695
19510 469.695
19511 469.695
19512 469.695
19513 469.695
19515 469.695
19517 469.695
19518 469.695
19519 469.695
19520 469.695
19521 469.695
19522 469.695
19523 469.695
19524 469.695
19525 469.695
19526 469.695
19527 469.695
19528 469.695
19534 100.005
19535 470.09
19536 470.09
19537 470.09
19538 470.09
19539 470.09
19540 470.09
19541 470.09
19543 470.09
19544 470.09
19545 470.09
19546 470.09
19547 470.09
19548 470.09
19549 470.09
19550 470.09
19551 470.09
19552 470.105
19553 470.105
19554 470.105
19555 470.105
19556 470.105
19557 470.105
19558 470.105
19559 470.105
19561 470.105
19562 470.105
19563 470.105
19564 470.105
19565 470.105
19566 470.105
19567 470.105
19568 470.105
19569 470.105
19571 470.105
19572 470.105
19573 470.105
19574 470.105
19575 470.105
19576 470.105
19577 470.105
19578 470.105
19579 470.105
19580 470.105
19581 470.105
19582 470.105
19583 470.105
19584 470.105
19585 470.105
19586 470.105
19587 470.105
19588 470.105
19589 470.105
19590 470.105
19591 470.105
19592 470.12
19593 470.12
19594 470.12
19595 470.12
19596 470.12
19597 470.12
19598 470.12
19599 470.105
19600 470.105
19601 470.105
19602 470.105
19603 470.105
19604 470.1
19605 470.1
19606 470.1
19607 470.1
19608 470.1
19609 470.1
19610 470.1
19611 470.1
19612 469.765
19614 469.765
19615 469.765
19616 469.765
19617 469.765
19618 469.765
19620 469.765
19621 469.765
19622 469.765
19623 469.765
19624 469.765
19625 469.765
19626 469.765
19627 469.765
19628 469.765
19629 469.675
19630 469.675
19631 469.675
19632 469.675
19633 469.675
19634 469.675
19635 469.675
19636 469.675
19637 469.675
19638 469.675
19639 469.675
19640 470.105
19642 470.105
19643 470.105
19644 470.105
19645 470.105
19646 470.105
19647 470.105
19648 470.105
19649 470.13
19650 470.13
19651 470.13
19653 470.13
19654 470.13
19655 470.13
19656 470.13
19657 470.13
19658 470.13
19659 469.785
19660 470.08
19662 470.08
19663 470.08
19664 470.08
19665 470.08
19666 470.08
19668 470.08
19669 470.08
19670 470.08
19671 470.08
19676 470.07
19677 470.08
19678 470.08
19679 469.385
19680 469.385
19683 469.385
19684 469.385
19685 469.385
19686 469.385
19688 469.385
19689 470.105
19690 470.105
19692 470.08
19693 470.08
19694 470.08
19695 470.08
19696 470.08
19697 470.08
19698 470.08
19699 470.115
19700 470.115
19701 470.115
19702 470.115
19703 470.115
19704 470.115
19705 470.115
19706 470.115
19707 470.115
19708 470.115
19709 470.115
19710 470.115
19711 470.115
19712 470.115
19713 470.115
19715 470.115
19716 470.115
19720 470.115
19721 470.115
19722 470.115
19723 470.115
19726 470.115
19727 470.115
19728 470.115
19729 470.115
19730 470.115
19731 470.115
19743 470.08
19744 470.08
19745 470.08
19746 470.08
19747 470.08
19748 470.08
19749 470.08
19750 470.08
19751 470.08
19752 470.08
19753 470.08
19754 470.08
19755 470.08
19756 470.08
19757 470.08
19758 470.08
19759 470.08
19760 470.08
19761 470.08
19762 470.08
19763 470.08
19764 470.08
19765 470.11
19766 470.11
19767 470.095
19768 470.115
19769 470.115
19770 470.115
19771 470.115
19772 470.115
19773 470.06
19774 470.06
19775 470.06
19776 470.06
19777 470.06
19778 470.06
19779 470.06
19780 470.06
19781 470.06
19782 470.06
19783 470.06
19785 470.06
19786 470.06
19787 470.06
19788 470.06
19789 470.06
19793 470.06
19794 470.06
19795 470.06
19796 470.06
19797 470.06
19798 470.06
19799 470.06
19800 470.06
19801 470.06
19802 470.06
19803 470.06
19805 470.06
19806 470.06
19807 470.06
19810 470.07
19811 470.07
19812 470.07
19813 470.07
19814 470.07
19815 470.07
19817 470.07
19818 470.07
19819 470.07
19820 470.07
19821 470.07
19822 470.07
19823 470.07
19824 470.07
19825 470.07
19826 470.07
19827 470.07
19828 470.07
19829 470.1
19830 470.1
19831 470.1
19832 470.1
19833 470.1
19834 470.1
19835 470.1
19836 470.1
19837 470.1
19838 470.1
19839 470.1
19840 470.1
19841 470.1
19842 470.1
19843 470.1
19844 470.1
19845 470.1
19846 470.125
19847 470.125
19848 470.125
19849 469.96
19850 469.96
19851 469.96
19852 469.96
19853 469.96
19854 469.96
19855 469.96
19856 469.96
19857 469.96
19860 469.885
19861 469.885
19862 469.885
19863 469.885
19864 469.885
19865 469.885
19866 469.885
19867 469.885
19868 469.885
19869 469.885
19870 469.955
19871 469.955
19872 469.955
19873 469.955
19874 469.955
19875 469.955
19876 469.955
19877 469.955
19878 469.955
19879 470.095
19880 469.96
19881 469.96
19882 469.96
19883 469.96
19884 469.96
19885 469.96
19886 469.96
19887 469.96
19888 469.96
19889 470.11
19890 470.1
19891 470.1
19892 470.1
19893 470.1
