19203 480
19204 480
19205 480
19206 480
19208 480
19209 480
19210 480.805
19211 480.805
19212 480.805
19213 480.805
19214 480.805
19215 480.805
19216 480.805
19217 480.805
19218 480.805
19219 480.805
19220 480.805
19221 480.805
19222 480.805
19223 480.805
19224 480.805
19225 480.805
19226 480.805
19228 480.805
19229 480.805
19231 480.805
19232 480.805
19233 480.805
19234 480.805
19235 480.805
19236 480.805
19237 480.805
19238 480.805
19239 480.805
19243 480.805
19244 480.07
19245 479.995
19246 479.995
19247 480.635
19248 480.635
19249 480.635
19250 480.635
19251 480.635
19252 480.635
19253 480.025
19254 480.025
19256 480.025
19257 480.025
19258 480.025
19259 480.02
19260 480.08
19280 0
19302 480.045
19303 99.99
19305 99.99
19306 99.99
19308 99.99
19309 99.99
19315 480.02
19316 480.005
19317 480.005
19318 480.05
19319 480.21
19321 479.18
19322 479.18
19323 479.88
19324 479.88
19325 479.88
19326 479.88
19327 479.88
19328 479.88
19329 479.88
19330 479.88
19331 479.995
19333 479.995
19334 479.995
19335 479.995
19336 479.995
19337 479.995
19338 480.06
19339 480.06
19340 480.06
19341 480.785
19342 480.785
19343 480.785
19344 480.785
19345 480.785
19346 480.785
19347 480.05
19348 480.05
19349 480.05
19351 480.05
19352 480.05
19353 480.05
19354 480.05
19355 480.05
19356 480.05
19357 480.05
19359 480.05
19360 480.05
19361 480.05
19362 480.05
19363 480.05
19364 480.05
19365 480.39
19366 480.39
19367 480.39
19381 100.015
19382 479.68
19383 479.68
19384 479.68
19385 479.68
19386 479.68
19387 479.68
19388 479.68
19389 479.68
19390 480.025
19391 480.025
19392 480.06
19393 480.06
19394 480.055
19395 480.055
19399 480.055
19400 480.055
19401 480.055
19403 480.055
19404 480.055
19405 480.055
19406 480.055
19407 480.055
19408 480.055
19409 480.055
19410 480.055
19411 480.055
19413 480.055
19414 480.055
19415 480.055
19416 480.055
19417 480.055
19418 480.055
19419 480.055
19420 480.055
19421 480.055
19422 480.055
19423 480.055
19424 480.015
19425 480.015
19426 480.015
19427 480.015
19428 480.015
19429 480.015
19430 480.015
19431 480.015
19432 480.015
19433 480.015
19434 480.015
19435 480.015
19436 480.015
19437 480.015
19438 480.015
19439 480.01
19440 480.01
19441 480.06
19442 480.06
19443 480.06
19444 479.985
19446 479.985
19447 479.985
19448 479.985
19449 479.985
19450 479.985
19451 479.985
19452 479.985
19453 479.985
19454 479.985
19455 479.985
19456 479.985
19457 479.985
19458 479.985
19459 479.985
19461 479.985
19462 479.985
19463 479.985
19464 479.985
19465 479.985
19466 479.985
19467 479.985
19468 479.985
19469 479.985
19470 479.985
19471 479.985
19472 479.985
19473 479.985
19475 479.985
19476 479.985
19477 479.985
19478 479.985
19479 479.985
19480 479.985
19481 479.985
19482 479.985
19483 479.985
19484 479.985
19485 479.985
19486 479.985
19487 479.985
19488 479.985
19489 479.985
19490 479.985
19491 479.985
19492 480.94
19493 480.94
19494 480.94
19495 480.94
19496 480.94
19497 480.94
19498 480.94
19499 480.94
19500 480.94
19501 480.94
19502 480.94
19503 480.94
19504 480.94
19505 480.94
19506 480.94
19507 480.94
19509 480.94
19510 480.94
19511 480.94
19512 480.94
19513 480.94
19515 480.94
19517 480.94
19518 480.94
19519 480.94
19520 480.94
19521 480.94
19522 480.94
19523 480.94
19524 480.94
19525 480.94
19526 480.94
19527 480.94
19528 479.915
19534 99.78
19535 479.925
19536 479.925
19537 479.925
19538 479.925
19539 479.925
19540 479.925
19541 479.925
19543 479.925
19544 479.925
19545 479.925
19546 479.925
19547 479.925
19548 479.925
19549 480.055
19550 480.03
19551 480.03
19552 480.03
19553 480.03
19554 480.03
19555 480.03
19556 0.435
19557 0.435
19558 0.435
19559 480.015
19561 480.015
19562 480.015
19563 480.015
19564 480.015
19565 480.015
19566 480.015
19567 480.015
19568 480.015
19569 480.015
19571 480.14
19572 480.14
19573 480.14
19574 480.14
19575 480.14
19576 480.86
19577 480.86
19578 480.86
19579 480.86
19580 480.86
19581 480.86
19582 480.86
19583 480.79
19584 480.79
19585 480.79
19586 480.79
19587 480.79
19588 480
19589 480
19590 480
19591 480
19592 480
19593 480
19594 480
19595 480
19596 480
19597 480
19598 480
19599 480
19600 480
19601 480
19602 480.82
19603 480.82
19604 479.76
19605 479.76
19606 479.76
19607 479.76
19608 479.76
19609 479.76
19610 479.76
19611 479.76
19612 479.76
19614 479.76
19615 479.76
19616 479.76
19617 479.76
19618 479.155
19620 479.155
19621 480.095
19622 480.095
19623 480.095
19624 480.095
19625 480.095
19626 479.995
19627 479.995
19628 479.995
19629 479.61
19630 479.61
19631 480.01
19632 480.01
19633 480.01
19634 480.01
19635 480.01
19636 480.01
19637 480
19638 479.995
19639 479.995
19640 479.995
19642 479.995
19643 479.995
19644 479.995
19645 479.995
19646 479.995
19647 479.995
19648 479.995
19649 479.995
19650 479.995
19651 479.985
19653 479.985
19654 479.985
19655 479.985
19656 479.97
19657 479.97
19658 479.97
19659 479.97
19660 480
19662 480
19663 480
19664 480
19665 480
19666 480
19668 480
19669 480
19670 480.015
19671 480.015
19676 479.995
19677 479.995
19678 479.995
19679 479.995
19680 479.995
19683 489.94
19684 489.94
19685 489.94
19686 489.94
19688 489.94
19689 489.94
19690 489.845
19692 489.96
19693 489.98
19694 489.87
19695 489.87
19696 489.93
19697 489.93
19698 489.94
19699 490.85
19700 489.925
19701 489.925
19702 489.925
19703 489.925
19704 489.925
19705 489.925
19706 489.925
19707 489.925
19708 489.925
19709 489.925
19710 489.545
19711 489.545
19712 489.545
19713 489.545
19715 489.545
19716 489.915
19720 489.915
19721 489.935
19722 489.935
19723 489.935
19726 489.935
19727 489.935
19728 489.935
19729 489.935
19730 489.935
19731 489.935
19743 489.95
19744 489.95
19745 489.95
19746 489.95
19747 489.95
19748 489.925
19749 489.925
19750 489.935
19751 489.935
19752 489.935
19753 489.935
19754 489.935
19755 489.935
19756 489.815
19757 489.815
19758 489.815
19759 489.815
19760 489.815
19761 489.815
19762 489.815
19763 489.815
19764 489.94
19765 489.94
19766 489.94
19767 489.94
19768 489.935
19769 489.935
19770 489.925
19771 489.925
19772 489.925
19773 489.955
19774 489.955
19775 489.955
19776 489.955
19777 489.925
19778 489.925
19779 489.935
19780 489.935
19781 489.86
19782 489.86
19783 489.915
19785 489.925
19786 489.925
19787 489.925
19788 489.925
19789 489.925
19793 489.925
19794 489.925
19795 489.925
19796 489.925
19797 489.925
19798 489.925
19799 489.925
19800 489.925
19801 489.925
19802 489.925
19803 489.925
19805 489.925
19806 489.925
19807 489.925
19810 489.935
19811 489.935
19812 489.935
19813 489.995
19814 489.995
19815 489.995
19817 489.995
19818 489.995
19819 489.995
19820 489.995
19821 489.995
19822 489.995
19823 489.95
19824 489.95
19825 489.95
19826 489.95
19827 489.95
19828 489.95
19829 489.95
19830 489.95
19831 489.95
19832 489.95
19833 489.95
19834 489.98
19835 489.98
19836 489.98
19837 490.71
19838 489.92
19839 489.92
19840 489.92
19841 489.92
19842 489.88
19843 489.88
19844 489.88
19845 489.88
19846 489.88
19847 489.88
19848 489.88
19849 489.935
19850 489.935
19851 489.935
19852 489.935
19853 490.025
19854 489.965
19855 489.005
19856 489.005
19857 489.005
19860 489.945
19861 489.945
19862 489.945
19863 489.945
19864 489.945
19865 489.945
19866 489.945
19867 489.945
19868 489.77
19869 489.925
19870 489.925
19871 489.925
19872 489.925
19873 489.925
19874 489.925
19875 489.925
19876 489.925
19877 489.925
19878 489.925
19879 489.945
19880 490.785
19881 490.785
19882 490.13
19883 490.13
19884 490.13
19885 490.13
19886 490.13
19887 490.13
19888 490.13
19889 489.93
19890 489.935
19891 489.935
19892 489.935
19893 489.935
