19203 0.51
19204 0.51
19205 0.51
19206 0.51
19208 0.51
19209 0.51
19210 0.51
19211 0.51
19212 0.51
19213 0.51
19214 0.51
19215 0.51
19216 0.51
19217 0.51
19218 0.51
19219 0.51
19220 0.51
19221 0.51
19222 0.51
19223 0.51
19224 0.51
19225 0.51
19226 0.51
19228 0.51
19229 0.51
19231 0.51
19232 0.51
19233 0.51
19234 0.51
19235 0.51
19236 0.51
19237 0.51
19238 0.51
19239 0.51
19243 0.51
19244 0.51
19245 0.51
19246 0.51
19247 0.51
19248 0.51
19249 0.51
19250 0.51
19251 0.51
19252 0.51
19253 0.51
19254 0.51
19256 0.51
19257 0.51
19258 0.51
19259 0.51
19260 0.51
19280 0
19302 0
19303 0
19305 0
19306 0
19308 0
19309 0
19315 490.125
19316 490.125
19317 490.125
19318 490.125
19319 490.125
19321 470.095
19322 470.095
19323 470.095
19324 0.405
19325 0.405
19326 0.405
19327 0.405
19328 0.405
19329 0.405
19330 0.405
19331 0.405
19333 0.405
19334 0.405
19335 0.405
19336 0.405
19337 0.405
19338 0.405
19339 0.405
19340 0.405
19341 0.405
19342 0.405
19343 0.405
19344 0.405
19345 0.405
19346 0.405
19347 0.405
19348 0.405
19349 0.405
19351 0.405
19352 0.405
19353 0.405
19354 0.405
19355 0.405
19356 0.405
19357 0.405
19359 0.405
19360 0.405
19361 0.405
19362 0.405
19363 0.405
19364 0.405
19365 0.405
19366 0.405
19367 0.405
19381 0.405
19382 0.405
19383 0.405
19384 0.405
19385 0.405
19386 0.405
19387 0.405
19388 0.405
19389 0.405
19390 0.405
19391 0.405
19392 0.405
19393 0.405
19394 0.405
19395 0.405
19399 0.405
19400 0.405
19401 0.405
19403 0.405
19404 0.405
19405 0.405
19406 0.405
19407 0.405
19408 0.405
19409 0.405
19410 0.405
19411 0.405
19413 0.405
19414 0.405
19415 0.405
19416 0.405
19417 0.405
19418 0.405
19419 0.405
19420 0.405
19421 0.405
19422 0.405
19423 0.405
19424 0.405
19425 0.405
19426 0.405
19427 0.405
19428 0.405
19429 0.405
19430 0.405
19431 0.405
19432 0.405
19433 0.405
19434 0.405
19435 0.405
19436 0.405
19437 0.405
19438 0.405
19439 0.405
19440 0.405
19441 0.405
19442 0.405
19443 0.405
19444 0.405
19446 0.405
19447 0.405
19448 0.405
19449 0.405
19450 0.405
19451 0.405
19452 0.405
19453 0.405
19454 0.405
19455 0.405
19456 0.405
19457 0.405
19458 0.405
19459 0.405
19461 0.405
19462 0.405
19463 0.405
19464 0.405
19465 0.405
19466 0.405
19467 0.405
19468 0.405
19469 0.405
19470 0.405
19471 0.405
19472 0.405
19473 0.405
19475 0.405
19476 0.405
19477 0.405
19478 0.405
19479 0.405
19480 0.405
19481 0.405
19482 0.405
19483 0.405
19484 0.405
19485 0.405
19486 0.405
19487 0.405
19488 0.405
19489 0.405
19490 0.405
19491 0.405
19492 0.405
19493 0.405
19494 0.405
19495 0.405
19496 0.405
19497 0.405
19498 0.405
19499 0.405
19500 0.405
19501 0.405
19502 0.405
19503 0.405
19504 0.405
19505 0.405
19506 0.405
19507 0.405
19509 0.405
19510 0.405
19511 0.405
19512 0.405
19513 0.405
19515 0.405
19517 0.405
19518 0.405
19519 0.405
19520 0.405
19521 0.405
19522 0.405
19523 0.405
19524 0.405
19525 0.405
19526 0.405
19527 0.405
19528 0.405
19534 100.05
19535 0.065
19536 0.065
19537 0.065
19538 0.065
19539 0.065
19540 0.065
19541 0.065
19543 0.065
19544 0.065
19545 0.065
19546 0.065
19547 0.065
19548 0.065
19549 0.065
19550 0.065
19551 0.065
19552 0.58
19553 0.58
19554 0.58
19555 0.58
19556 0.58
19557 0.58
19558 0.58
19559 0.58
19561 0.58
19562 0.58
19563 0.58
19564 0.58
19565 0.58
19566 0.58
19567 0.58
19568 0.58
19569 0.58
19571 0.58
19572 0.58
19573 0.58
19574 0.58
19575 0.58
19576 0.58
19577 0.58
19578 0.58
19579 0.58
19580 0.58
19581 0.58
19582 0.58
19583 0.58
19584 0.58
19585 0.58
19586 0.58
19587 0.58
19588 0.58
19589 0.58
19590 0.58
19591 0.58
19592 0.58
19593 0.58
19594 0.58
19595 0.58
19596 0.58
19597 0.58
19598 0.58
19599 0.58
19600 0.58
19601 0.58
19602 0.58
19603 0.58
19604 0.58
19605 0.58
19606 0.58
19607 0.58
19608 0.58
19609 0.58
19610 0.58
19611 0.58
19612 0.58
19614 0.58
19615 0.58
19616 0.58
19617 0.58
19618 0.58
19620 0.58
19621 0.58
19622 0.58
19623 0.58
19624 0.58
19625 0.58
19626 0.58
19627 0.58
19628 0.58
19629 0.58
19630 0.58
19631 0.58
19632 0.58
19633 0.58
19634 0.58
19635 0.58
19636 0.58
19637 0.58
19638 0.58
19639 0.58
19640 0.58
19642 0.58
19643 0.58
19644 0.58
19645 0.58
19646 0.58
19647 0.58
19648 0.58
19649 0.58
19650 0.58
19651 0
19653 0
19654 0
19655 0
19656 0
19657 0
19658 0
19659 0
19660 0
19662 0
19663 0
19664 0
19665 0
19666 0
19668 0
19669 0
19670 0
19671 0
19676 0
19677 0
19678 0
19679 0
19680 0
19683 0
19684 0
19685 0
19686 0
19688 0
19689 0
19690 0
19692 0
19693 0
19694 0
19695 0
19696 0
19697 0
19698 0
19699 0
19700 0
19701 0
19702 0
19703 0
19704 0
19705 0
19706 0
19707 0
19708 0
19709 0
19710 0
19711 0
19712 0
19713 0
19715 0
19716 0
19720 0
19721 0
19722 0
19723 0
19726 0
19727 0
19728 0
19729 0
19730 0
19731 0
19743 0
19744 0
19745 0
19746 0
19747 0
19748 0
19749 0
19750 0
19751 0
19752 0
19753 0
19754 0
19755 0
19756 0
19757 0
19758 0
19759 0
19760 0
19761 0
19762 0
19763 0
19764 0
19765 0
19766 0
19767 0
19768 0
19769 0
19770 0
19771 0
19772 0
19773 0
19774 0
19775 0
19776 0
19777 0
19778 0
19779 0
19780 0
19781 0
19782 0
19783 0
19785 0
19786 0
19787 0
19788 0
19789 0
19793 0
19794 0
19795 0
19796 0
19797 0
19798 0
19799 0
19800 0
19801 0
19802 0
19803 0
19805 0
19806 0
19807 0
19810 0
19811 0
19812 0
19813 0
19814 0
19815 0
19817 0
19818 0
19819 0
19820 0
19821 0
19822 0
19823 0
19824 0
19825 0
19826 0
19827 0
19828 0
19829 0
19830 0
19831 0
19832 0
19833 0
19834 0
19835 0
19836 0
19837 0
19838 0
19839 0
19840 0
19841 0
19842 0
19843 0
19844 0
19845 0
19846 0
19847 0
19848 0
19849 0.02
19850 0.02
19851 0.02
19852 0.02
19853 0.02
19854 0.02
19855 0.02
19856 0.02
19857 0.02
19860 0.02
19861 0.02
19862 0.02
19863 0.02
19864 0.02
19865 0.02
19866 0.02
19867 0.02
19868 0.02
19869 0.02
19870 0.02
19871 0.02
19872 0.02
19873 0.02
19874 0.02
19875 0.02
19876 0.02
19877 0.02
19878 0.02
19879 0.02
19880 0.02
19881 0.02
19882 0.02
19883 0.02
19884 0.02
19885 0.02
19886 0.02
19887 0.02
19888 0.02
19889 0.02
19890 0.02
19891 0.02
19892 0.02
19893 0.02
