19203 449.95
19204 449.95
19205 449.95
19206 449.95
19208 449.95
19209 449.95
19210 449.95
19211 449.95
19212 449.95
19213 449.95
19214 449.95
19215 449.95
19216 449.95
19217 449.95
19218 449.95
19219 449.95
19220 449.95
19221 449.95
19222 449.95
19223 449.95
19224 449.95
19225 449.95
19226 449.95
19228 449.95
19229 449.95
19231 449.95
19232 449.95
19233 449.95
19234 449.95
19235 449.95
19236 449.95
19237 449.95
19238 449.95
19239 449.95
19243 449.95
19244 449.95
19245 449.95
19246 449.95
19247 449.95
19248 449.95
19249 449.95
19250 449.95
19251 449.95
19252 449.95
19253 449.91
19254 449.91
19256 449.91
19257 449.91
19258 449.91
19259 449.895
19260 449.895
19280 0
19302 449.9
19303 99.98
19305 99.98
19306 99.98
19308 99.98
19309 99.98
19315 449.21
19316 449.21
19317 449.21
19318 449.21
19319 449.21
19321 449.935
19322 449.935
19323 449.935
19324 449.935
19325 449.935
19326 449.935
19327 449.935
19328 449.935
19329 449.935
19330 449.935
19331 449.905
19333 449.905
19334 449.905
19335 449.905
19336 449.905
19337 449.905
19338 449.905
19339 449.905
19340 449.905
19341 449.905
19342 449.905
19343 449.905
19344 449.905
19345 449.905
19346 449.905
19347 449.905
19348 449.905
19349 449.905
19351 449.905
19352 106.98
19353 0.85
19354 0.85
19355 0.85
19356 0.85
19357 0.85
19359 0.85
19360 0.85
19361 0.85
19362 0.85
19363 0.85
19364 0.85
19365 0.85
19366 0.85
19367 0.85
19381 99.99
19382 409.875
19383 409.875
19384 409.875
19385 409.875
19386 409.875
19387 409.875
19388 409.875
19389 409.875
19390 409.875
19391 409.875
19392 409.875
19393 409.875
19394 429.935
19395 429.935
19399 429.935
19400 429.935
19401 429.935
19403 429.935
19404 429.935
19405 429.935
19406 429.935
19407 429.935
19408 429.935
19409 429.935
19410 429.935
19411 429.935
19413 429.935
19414 429.935
19415 429.935
19416 429.935
19417 429.935
19418 429.935
19419 429.935
19420 429.935
19421 429.935
19422 429.935
19423 429.935
19424 429.935
19425 429.935
19426 429.935
19427 429.935
19428 429.935
19429 429.935
19430 429.935
19431 429.935
19432 429.935
19433 429.935
19434 429.935
19435 429.935
19436 429.935
19437 429.935
19438 429.935
19439 430.005
19440 430.005
19441 430.005
19442 430.005
19443 430.005
19444 430.005
19446 430.005
19447 430.005
19448 430.005
19449 430.005
19450 430.005
19451 430.005
19452 430.005
19453 430.005
19454 430.005
19455 430.005
19456 430.005
19457 430.005
19458 430.005
19459 430.005
19461 430.005
19462 430.005
19463 430.005
19464 430.005
19465 430.005
19466 430.005
19467 430.005
19468 430.005
19469 430.005
19470 430.005
19471 430.005
19472 430.005
19473 430.005
19475 430.005
19476 430.005
19477 430.005
19478 430.005
19479 430.005
19480 430.005
19481 430.005
19482 430.005
19483 430.005
19484 430.005
19485 430.005
19486 430.005
19487 430.005
19488 430.005
19489 430.005
19490 430.005
19491 430.005
19492 430.005
19493 430.005
19494 430.005
19495 430.005
19496 430.005
19497 430.005
19498 430.005
19499 430.005
19500 430.005
19501 430.005
19502 430.005
19503 430.005
19504 430.005
19505 430.005
19506 430.005
19507 430.005
19509 430.005
19510 430.005
19511 430.005
19512 430.005
19513 430.005
19515 430.005
19517 430.005
19518 430.005
19519 430.005
19520 430.005
19521 430.005
19522 430.005
19523 430.005
19524 430.005
19525 430.005
19526 430.005
19527 430.005
19528 430.005
19534 99.905
19535 429.515
19536 429.515
19537 429.515
19538 429.515
19539 429.515
19540 429.515
19541 429.515
19543 429.515
19544 429.515
19545 429.515
19546 429.515
19547 429.515
19548 429.515
19549 429.515
19550 429.515
19551 429.515
19552 429.515
19553 429.515
19554 429.515
19555 429.515
19556 429.515
19557 429.515
19558 429.515
19559 429.515
19561 429.515
19562 429.515
19563 429.515
19564 429.515
19565 429.515
19566 429.515
19567 429.515
19568 429.515
19569 429.515
19571 429.515
19572 429.515
19573 429.515
19574 429.515
19575 429.515
19576 429.515
19577 429.515
19578 429.515
19579 429.515
19580 429.515
19581 429.515
19582 429.515
19583 429.515
19584 429.515
19585 429.515
19586 429.515
19587 429.515
19588 429.515
19589 429.515
19590 429.515
19591 429.515
19592 429.515
19593 429.515
19594 429.515
19595 429.515
19596 429.515
19597 429.515
19598 429.515
19599 429.515
19600 429.515
19601 429.515
19602 429.515
19603 429.515
19604 429.98
19605 429.98
19606 429.98
19607 429.98
19608 429.98
19609 429.98
19610 429.98
19611 429.98
19612 429.98
19614 429.98
19615 429.98
19616 429.98
19617 429.98
19618 429.98
19620 429.98
19621 429.98
19622 429.98
19623 429.98
19624 429.98
19625 429.98
19626 429.98
19627 429.98
19628 429.98
19629 429.975
19630 429.975
19631 429.975
19632 429.975
19633 429.975
19634 429.975
19635 429.975
19636 429.975
19637 429.975
19638 429.975
19639 429.975
19640 429.975
19642 429.975
19643 429.975
19644 429.975
19645 429.975
19646 429.975
19647 429.975
19648 429.975
19649 429.975
19650 429.925
19651 429.925
19653 429.925
19654 429.925
19655 429.925
19656 429.925
19657 429.925
19658 429.925
19659 429.925
19660 429.93
19662 429.93
19663 429.93
19664 429.93
19665 429.93
19666 429.93
19668 429.93
19669 429.93
19670 429.93
19671 429.93
19676 429.09
19677 429.09
19678 429.09
19679 429.09
19680 429.09
19683 439.895
19684 439.895
19685 439.895
19686 439.895
19688 439.895
19689 439.895
19690 439.895
19692 429.98
19693 429.98
19694 429.98
19695 429.98
19696 429.98
19697 429.98
19698 429.98
19699 429.98
19700 429.98
19701 429.98
19702 429.98
19703 429.98
19704 429.98
19705 429.98
19706 429.98
19707 429.98
19708 429.98
19709 429.98
19710 429.98
19711 429.98
19712 429.98
19713 429.98
19715 429.98
19716 429.98
19720 429.98
19721 429.98
19722 429.98
19723 429.98
19726 429.98
19727 429.98
19728 429.98
19729 429.98
19730 429.98
19731 429.98
19743 439.925
19744 439.925
19745 439.925
19746 439.925
19747 439.925
19748 439.925
19749 439.925
19750 439.925
19751 439.925
19752 439.925
19753 439.925
19754 439.915
19755 429.97
19756 429.97
19757 429.97
19758 429.375
19759 429.375
19760 429.375
19761 429.375
19762 429.375
19763 429.375
19764 429.375
19765 429.375
19766 429.375
19767 429.375
19768 429.375
19769 429.375
19770 429.375
19771 429.375
19772 429.375
19773 439.91
19774 439.91
19775 439.91
19776 439.91
19777 439.91
19778 439.91
19779 439.91
19780 439.91
19781 439.91
19782 439.91
19783 439.91
19785 439.91
19786 439.91
19787 439.91
19788 439.91
19789 439.91
19793 439.91
19794 439.91
19795 439.91
19796 439.91
19797 439.91
19798 439.91
19799 439.91
19800 439.91
19801 439.91
19802 439.91
19803 439.91
19805 439.91
19806 439.91
19807 439.91
19810 439.865
19811 439.865
19812 439.865
19813 439.865
19814 439.865
19815 439.865
19817 439.865
19818 439.865
19819 439.865
19820 439.865
19821 439.865
19822 439.865
19823 439.865
19824 439.865
19825 439.865
19826 439.865
19827 439.865
19828 439.865
19829 439.865
19830 439.865
19831 439.865
19832 439.865
19833 439.865
19834 439.865
19835 439.865
19836 439.865
19837 439.865
19838 439.865
19839 439.865
19840 439.865
19841 439.865
19842 439.865
19843 439.865
19844 439.865
19845 439.865
19846 439.865
19847 439.865
19848 439.865
19849 439.885
19850 439.885
19851 439.885
19852 439.885
19853 439.885
19854 439.885
19855 439.885
19856 439.885
19857 439.885
19860 439.88
19861 439.88
19862 439.88
19863 439.88
19864 439.88
19865 439.88
19866 439.88
19867 439.88
19868 439.88
19869 439.88
19870 439.88
19871 439.88
19872 439.88
19873 439.88
19874 439.88
19875 439.88
19876 439.88
19877 439.88
19878 439.88
19879 439.88
19880 439.88
19881 439.88
19882 439.88
19883 439.88
19884 439.88
19885 439.88
19886 439.88
19887 439.88
19888 439.88
19889 439.88
19890 439.875
19891 439.875
19892 439.875
19893 439.875
