19203 449.99
19204 449.99
19205 449.99
19206 449.99
19208 449.75
19209 449.75
19210 449.75
19211 449.75
19212 449.75
19213 449.75
19214 449.75
19215 449.75
19216 449.75
19217 449.75
19218 449.75
19219 449.75
19220 449.75
19221 449.75
19222 449.75
19223 449.75
19224 449.75
19225 449.75
19226 449.75
19228 449.75
19229 449.75
19231 449.75
19232 450.005
19233 450.005
19234 450.005
19235 450.005
19236 450.005
19237 450.005
19238 450.005
19239 450.005
19243 450.01
19244 450.01
19245 450.01
19246 450.01
19247 450.01
19248 450.01
19249 450.01
19250 450.01
19251 450.89
19252 450.89
19253 449.955
19254 449.965
19256 449.965
19257 449.965
19258 449.965
19259 449.94
19260 450.9
19280 0
19302 449.955
19303 100.035
19305 100.035
19306 100.035
19308 100.035
19309 100.035
19315 449.54
19316 449.54
19317 449.54
19318 449.54
19319 450.115
19321 449.995
19322 450.005
19323 450.965
19324 450.855
19325 450.855
19326 450.855
19327 450.855
19328 450.855
19329 450.855
19330 450.855
19331 450.945
19333 449.955
19334 449.955
19335 449.955
19336 449.955
19337 449.955
19338 450.43
19339 450.43
19340 450.43
19341 450.43
19342 450.43
19343 450
19344 450
19345 450
19346 450
19347 450
19348 450.61
19349 450.61
19351 450.61
19352 450.61
19353 450.61
19354 450.61
19355 450.61
19356 449.76
19357 450.91
19359 450.91
19360 450.91
19361 450.91
19362 450.91
19363 450.91
19364 450.91
19365 450.955
19366 450.955
19367 450.955
19381 100.055
19382 450.01
19383 450.01
19384 450.01
19385 450.01
19386 450.01
19387 450.01
19388 450.01
19389 450.01
19390 450.01
19391 450.01
19392 450.01
19393 450.01
19394 450.01
19395 450.01
19399 450.01
19400 450.01
19401 450.01
19403 450.01
19404 450.01
19405 450.01
19406 450.01
19407 450.01
19408 450.01
19409 450.01
19410 450.01
19411 450.01
19413 449.04
19414 449.04
19415 449.04
19416 449.04
19417 450
19418 450
19419 450
19420 450
19421 450
19422 450
19423 450
19424 450.035
19425 450.035
19426 450.035
19427 450.035
19428 450.035
19429 450.035
19430 450.035
19431 450.035
19432 450.035
19433 450.035
19434 450.035
19435 450.72
19436 450.72
19437 450.72
19438 450.72
19439 450.01
19440 450.01
19441 450.01
19442 450.01
19443 450.01
19444 450.01
19446 450.01
19447 450.01
19448 450.01
19449 450.01
19450 449.865
19451 449.865
19452 449.865
19453 449.865
19454 449.865
19455 449.865
19456 449.865
19457 449.865
19458 449.865
19459 449.865
19461 449.865
19462 449.865
19463 449.865
19464 449.865
19465 449.865
19466 449.865
19467 449.865
19468 449.865
19469 450.56
19470 450.56
19471 450.56
19472 450.56
19473 450.56
19475 450.56
19476 450.56
19477 450.56
19478 450.56
19479 450.56
19480 450.56
19481 450.56
19482 449.945
19483 450.72
19484 450.72
19485 450.72
19486 450.72
19487 450.72
19488 450.72
19489 450.72
19490 450.72
19491 450.72
19492 449.405
19493 449.405
19494 449.405
19495 449.405
19496 449.405
19497 450.895
19498 450.895
19499 449.875
19500 449.905
19501 449.905
19502 449.865
19503 449.865
19504 449.865
19505 449.865
19506 449.415
19507 449.415
19509 449.415
19510 449.415
19511 449.415
19512 449.415
19513 449.415
19515 449.415
19517 449.935
19518 449.935
19519 450.81
19520 450.81
19521 450.81
19522 450.81
19523 450.81
19524 450.81
19525 450.13
19526 450.13
19527 449.35
19528 449.35
19534 100
19535 449.925
19536 449.925
19537 449.925
19538 449.925
19539 449.925
19540 449.925
19541 449.925
19543 449.925
19544 449.98
19545 449.98
19546 449.98
19547 449.98
19548 449.98
19549 449.98
19550 449.98
19551 449.98
19552 450.935
19553 450.935
19554 450.935
19555 450.935
19556 450.935
19557 449.98
19558 449.98
19559 449.98
19561 449.98
19562 449.98
19563 449.98
19564 449.98
19565 449.98
19566 450.925
19567 450.925
19568 450.925
19569 450.925
19571 450.925
19572 450.925
19573 450.925
19574 450.925
19575 450.925
19576 450.925
19577 450.925
19578 450.925
19579 450.925
19580 450.925
19581 450.925
19582 450.925
19583 450.925
19584 450.925
19585 450.925
19586 450.925
19587 450.925
19588 450.925
19589 450.925
19590 450.925
19591 450.925
19592 450.925
19593 450.925
19594 450.71
19595 450.22
19596 450.22
19597 450.22
19598 450.22
19599 450.22
19600 450.22
19601 450.81
19602 450.81
19603 449.25
19604 449.995
19605 449.995
19606 449.995
19607 449.995
19608 449.995
19609 449.995
19610 449.965
19611 449.965
19612 449.965
19614 449.965
19615 449.965
19616 449.965
19617 449.965
19618 449.965
19620 449.965
19621 449.965
19622 450.71
19623 450.71
19624 450.71
19625 450.71
19626 450.665
19627 450.665
19628 450.665
19629 449.99
19630 449.99
19631 449.99
19632 449.99
19633 449.985
19634 449.985
19635 449.985
19636 449.985
19637 449.985
19638 449.985
19639 450.02
19640 450.02
19642 450.02
19643 450.02
19644 450.02
19645 450.885
19646 450.885
19647 450.885
19648 449.21
19649 450.805
19650 450.805
19651 449.92
19653 449.92
19654 449.21
19655 449.21
19656 449.21
19657 449.21
19658 449.585
19659 449.585
19660 449.94
19662 449.94
19663 449.94
19664 449.94
19665 449.94
19666 449.94
19668 449.94
19669 449.94
19670 449.94
19671 449.94
19676 449.965
19677 449.965
19678 449.965
19679 449.965
19680 449.895
19683 449.895
19684 449.895
19685 449.895
19686 449.895
19688 449.97
19689 449.97
19690 450.895
19692 449.98
19693 449.98
19694 450.485
19695 450.485
19696 450.485
19697 450.485
19698 450.485
19699 450.485
19700 450.485
19701 450.485
19702 450.485
19703 450.485
19704 450.485
19705 450.485
19706 450.485
19707 450.485
19708 450.485
19709 450.485
19710 450.485
19711 450.485
19712 449.965
19713 449.965
19715 449.965
19716 449.89
19720 449.89
19721 449.89
19722 449.89
19723 449.89
19726 449.89
19727 449.89
19728 450.93
19729 450.93
19730 450.93
19731 450.93
19743 449.98
19744 449.98
19745 449.98
19746 449.98
19747 449.98
19748 449.98
19749 449.98
19750 449.965
19751 449.965
19752 449.125
19753 449.125
19754 449.125
19755 449.125
19756 449.125
19757 449.125
19758 449.125
19759 449.125
19760 449.125
19761 449.125
19762 449.125
19763 449.125
19764 449.125
19765 449.125
19766 449.125
19767 450.935
19768 449.935
19769 449.945
19770 449.945
19771 449.945
19772 449.945
19773 449.97
19774 449.97
19775 449.97
19776 449.97
19777 449.97
19778 449.97
19779 449.97
19780 449.97
19781 449.97
19782 449.97
19783 450.92
19785 449.735
19786 449.735
19787 449.735
19788 449.735
19789 449.735
19793 449.735
19794 449.735
19795 449.735
19796 449.735
19797 449.735
19798 449.735
19799 450.74
19800 450.74
19801 449.955
19802 449.955
19803 449.955
19805 449.955
19806 449.955
19807 449.955
19810 449.935
19811 449.935
19812 449.935
19813 449.935
19814 449.935
19815 449.935
19817 449.935
19818 449.935
19819 449.935
19820 449.935
19821 450.12
19822 450.12
19823 450.12
19824 450.12
19825 450.12
19826 450.12
19827 450.645
19828 450.93
19829 450.93
19830 450.93
19831 450.93
19832 449.93
19833 449.93
19834 449.92
19835 449.92
19836 449.92
19837 449.92
19838 449.92
19839 449.92
19840 449.92
19841 449.92
19842 449.92
19843 449.92
19844 449.92
19845 449.92
19846 450.575
19847 450.575
19848 450.575
19849 449.95
19850 449.95
19851 449.95
19852 449.95
19853 449.95
19854 449.95
19855 449.95
19856 449.92
19857 449.92
19860 449.935
19861 449.935
19862 449.935
19863 449.935
19864 449.935
19865 449.935
19866 449.935
19867 449.935
19868 450.91
19869 450.91
19870 450.91
19871 450.91
19872 449.92
19873 449.92
19874 449.92
19875 449.845
19876 449.845
19877 450.86
19878 450.86
19879 449.94
19880 449.94
19881 449.94
19882 449.94
19883 449.94
19884 449.915
19885 449.915
19886 449.915
19887 449.915
19888 449.915
19889 449.915
19890 449.94
19891 449.94
19892 449.91
19893 449.91
