19203 440
19204 440
19205 440
19206 440
19208 440
19209 440
19210 440
19211 440
19212 440
19213 440
19214 440
19215 440
19216 440
19217 440
19218 440
19219 440
19220 440
19221 440
19222 440
19223 440
19224 440
19225 440
19226 440
19228 440
19229 440
19231 440
19232 440
19233 440
19234 440
19235 440
19236 440
19237 440
19238 440
19239 440
19243 440
19244 440
19245 440
19246 440
19247 440
19248 440
19249 440
19250 440
19251 440
19252 440
19253 440.035
19254 440.035
19256 440.035
19257 440.035
19258 440.035
19259 440.005
19260 440.005
19280 0
19302 440.015
19303 100.11
19305 100.11
19306 100.11
19308 100.11
19309 100.11
19315 440.055
19316 440.055
19317 440.045
19318 440.03
19319 420.055
19321 439.295
19322 420.095
19323 420.095
19324 440.035
19325 440.035
19326 440.035
19327 440.035
19328 440.035
19329 440.035
19330 440.035
19331 440.005
19333 440.005
19334 440.005
19335 440.005
19336 440.005
19337 440.005
19338 440.005
19339 440.005
19340 440.005
19341 440.005
19342 440.005
19343 440.005
19344 440.005
19345 440.005
19346 440.005
19347 440.005
19348 440.005
19349 440.005
19351 440.005
19352 440.005
19353 440.005
19354 440.005
19355 440.005
19356 440.005
19357 440.005
19359 440.005
19360 440.005
19361 440.005
19362 440.005
19363 440.005
19364 440.005
19365 440.005
19366 440.005
19367 440.005
19381 100.105
19382 440.005
19383 440.005
19384 440.005
19385 440.005
19386 440.005
19387 440.005
19388 440.005
19389 440.005
19390 440.005
19391 440.005
19392 440.005
19393 440.005
19394 440.005
19395 440.005
19399 440.005
19400 440.005
19401 440.005
19403 440.005
19404 440.005
19405 440.005
19406 440.005
19407 440.005
19408 440.005
19409 440.005
19410 440.005
19411 440.005
19413 440.005
19414 440.005
19415 440.005
19416 440.005
19417 440.005
19418 440.005
19419 440.005
19420 440.005
19421 440.005
19422 440.005
19423 440.005
19424 440.005
19425 440.005
19426 440.005
19427 440.005
19428 440.005
19429 440.005
19430 440.005
19431 440.005
19432 440.005
19433 440.005
19434 440.005
19435 440.005
19436 440.005
19437 440.005
19438 440.005
19439 439.98
19440 439.98
19441 439.98
19442 439.98
19443 439.98
19444 439.98
19446 439.98
19447 439.98
19448 439.98
19449 439.98
19450 439.98
19451 439.98
19452 439.98
19453 439.98
19454 439.98
19455 439.98
19456 439.98
19457 439.98
19458 439.98
19459 439.98
19461 439.98
19462 439.98
19463 439.98
19464 439.98
19465 439.98
19466 439.98
19467 439.98
19468 439.98
19469 439.98
19470 439.98
19471 439.98
19472 439.98
19473 439.98
19475 439.98
19476 439.98
19477 439.98
19478 439.98
19479 439.98
19480 439.98
19481 439.98
19482 439.98
19483 439.98
19484 439.98
19485 439.98
19486 439.98
19487 439.98
19488 439.98
19489 439.98
19490 439.98
19491 439.98
19492 439.98
19493 439.98
19494 439.98
19495 439.98
19496 439.98
19497 439.98
19498 439.98
19499 439.98
19500 439.98
19501 439.98
19502 439.98
19503 439.98
19504 439.98
19505 439.98
19506 439.98
19507 439.98
19509 439.98
19510 439.98
19511 439.98
19512 439.98
19513 439.98
19515 439.98
19517 439.98
19518 439.98
19519 439.98
19520 439.98
19521 439.98
19522 439.98
19523 439.98
19524 439.98
19525 439.98
19526 439.98
19527 439.98
19528 439.98
19534 99.94
19535 439.09
19536 439.09
19537 439.09
19538 439.09
19539 439.09
19540 439.09
19541 439.09
19543 439.09
19544 439.09
19545 439.09
19546 439.09
19547 439.09
19548 439.09
19549 439.09
19550 439.09
19551 439.09
19552 439.09
19553 439.09
19554 439.09
19555 439.09
19556 439.09
19557 439.09
19558 439.09
19559 439.09
19561 439.09
19562 439.09
19563 439.09
19564 439.09
19565 439.09
19566 439.09
19567 439.09
19568 439.09
19569 439.09
19571 439.09
19572 439.09
19573 439.09
19574 439.09
19575 439.09
19576 439.09
19577 439.09
19578 439.09
19579 439.09
19580 439.09
19581 439.09
19582 439.09
19583 439.09
19584 439.09
19585 439.09
19586 439.09
19587 439.09
19588 439.09
19589 439.09
19590 439.09
19591 439.09
19592 439.09
19593 439.09
19594 439.09
19595 439.09
19596 439.09
19597 439.09
19598 439.09
19599 439.09
19600 439.09
19601 439.09
19602 439.09
19603 439.09
19604 440.035
19605 440.035
19606 440.035
19607 440.035
19608 440.035
19609 440.035
19610 440.035
19611 440.035
19612 440.035
19614 440.035
19615 440.035
19616 440.035
19617 440.035
19618 440.035
19620 440.035
19621 440.035
19622 440.035
19623 440.035
19624 440.035
19625 440.035
19626 440.035
19627 440.035
19628 440.035
19629 440.045
19630 440.045
19631 440.045
19632 440.045
19633 440.045
19634 440.045
19635 440.045
19636 440.045
19637 440.045
19638 440.045
19639 440.045
19640 440.045
19642 440.045
19643 440.045
19644 440.045
19645 440.045
19646 440.045
19647 440.045
19648 440.045
19649 440.045
19650 440.02
19651 440.02
19653 440.02
19654 440.02
19655 440.02
19656 440.02
19657 440.02
19658 440.02
19659 440.02
19660 439.99
19662 439.99
19663 439.99
19664 439.99
19665 439.99
19666 439.99
19668 439.99
19669 439.99
19670 439.99
19671 439.99
19676 439.935
19677 439.935
19678 439.935
19679 439.935
19680 439.935
19683 439.935
19684 439.935
19685 439.935
19686 439.935
19688 439.935
19689 439.935
19690 439.935
19692 440.035
19693 440.035
19694 440.035
19695 440.035
19696 440.035
19697 440.035
19698 440.035
19699 440.035
19700 440.035
19701 440.035
19702 440.035
19703 440.035
19704 440.035
19705 440.035
19706 440.035
19707 440.035
19708 440.035
19709 440.035
19710 440.035
19711 440.035
19712 440.035
19713 440.035
19715 440.035
19716 440.035
19720 440.035
19721 440.035
19722 440.035
19723 440.035
19726 440.035
19727 440.035
19728 440.035
19729 440.035
19730 440.035
19731 440.035
19743 439.995
19744 439.995
19745 439.995
19746 439.995
19747 439.995
19748 439.995
19749 439.995
19750 439.995
19751 439.995
19752 439.995
19753 439.995
19754 439.995
19755 439.995
19756 439.995
19757 439.995
19758 439.995
19759 439.995
19760 439.995
19761 439.995
19762 439.995
19763 439.995
19764 439.995
19765 439.995
19766 439.995
19767 439.995
19768 439.995
19769 439.995
19770 439.995
19771 439.995
19772 439.995
19773 440.035
19774 440.035
19775 440.035
19776 440.035
19777 440.035
19778 440.035
19779 440.035
19780 440.035
19781 440.035
19782 440.035
19783 440.035
19785 440.035
19786 440.035
19787 440.035
19788 440.035
19789 440.035
19793 440.035
19794 440.035
19795 440.035
19796 440.035
19797 440.035
19798 440.035
19799 440.035
19800 440.035
19801 440.035
19802 440.035
19803 440.035
19805 440.035
19806 440.035
19807 440.035
19810 439.905
19811 439.905
19812 439.905
19813 439.905
19814 439.905
19815 439.905
19817 439.905
19818 439.905
19819 439.905
19820 439.905
19821 439.905
19822 439.905
19823 439.905
19824 439.905
19825 439.905
19826 439.905
19827 439.905
19828 439.905
19829 439.905
19830 439.905
19831 439.905
19832 439.905
19833 439.905
19834 439.905
19835 439.905
19836 439.905
19837 439.905
19838 439.905
19839 439.905
19840 439.905
19841 439.905
19842 439.905
19843 439.905
19844 439.905
19845 439.905
19846 439.905
19847 439.905
19848 439.905
19849 440.035
19850 440.035
19851 440.035
19852 440.035
19853 440.035
19854 440.035
19855 440.035
19856 440.035
19857 440.035
19860 440.045
19861 440.045
19862 440.045
19863 440.045
19864 440.045
19865 440.045
19866 440.045
19867 440.045
19868 440.045
19869 440.045
19870 440.045
19871 440.045
19872 440.045
19873 440.045
19874 440.045
19875 440.045
19876 440.045
19877 440.045
19878 440.045
19879 440.05
19880 440.05
19881 440.05
19882 440.05
19883 440.05
19884 440.05
19885 440.05
19886 440.05
19887 440.05
19888 440.05
19889 440.05
19890 440.03
19891 440.03
19892 440.03
19893 440.03
