19203 459.915
19204 459.915
19205 459.915
19206 459.915
19208 459.915
19209 459.915
19210 459.915
19211 459.915
19212 459.915
19213 459.915
19214 459.915
19215 459.915
19216 459.915
19217 459.915
19218 459.915
19219 459.915
19220 459.915
19221 459.915
19222 459.915
19223 459.915
19224 459.915
19225 459.915
19226 459.915
19228 459.915
19229 459.915
19231 459.915
19232 459.915
19233 459.915
19234 459.915
19235 459.915
19236 459.915
19237 459.915
19238 459.915
19239 459.915
19243 459.915
19244 459.915
19245 459.915
19246 459.915
19247 459.915
19248 459.915
19249 459.915
19250 459.915
19251 459.915
19252 459.915
19253 459.915
19254 459.915
19256 459.915
19257 459.915
19258 459.915
19259 459.385
19260 459.385
19280 0
19302 459.6
19303 99.93
19305 99.93
19306 99.93
19308 99.93
19309 99.93
19315 459.815
19316 459.815
19317 459.815
19318 459.815
19319 459.815
19321 459.535
19322 459.535
19323 459.535
19324 459.535
19325 459.535
19326 459.535
19327 459.535
19328 459.535
19329 459.535
19330 459.535
19331 459.895
19333 459.895
19334 459.895
19335 459.895
19336 459.895
19337 459.895
19338 459.895
19339 459.895
19340 459.895
19341 459.895
19342 459.895
19343 459.895
19344 459.895
19345 459.895
19346 459.895
19347 459.895
19348 459.895
19349 459.895
19351 459.895
19352 459.895
19353 459.895
19354 459.895
19355 459.895
19356 459.895
19357 459.895
19359 459.895
19360 459.895
19361 459.895
19362 459.895
19363 459.895
19364 459.895
19365 459.895
19366 459.895
19367 459.895
19381 99.93
19382 459.905
19383 459.905
19384 459.905
19385 459.905
19386 459.905
19387 459.905
19388 459.905
19389 459.905
19390 459.905
19391 459.905
19392 459.905
19393 459.905
19394 459.905
19395 459.905
19399 459.905
19400 459.905
19401 459.905
19403 459.905
19404 459.905
19405 459.905
19406 459.905
19407 459.905
19408 459.905
19409 459.905
19410 459.905
19411 459.905
19413 459.905
19414 459.905
19415 459.905
19416 459.905
19417 459.905
19418 459.905
19419 459.905
19420 459.905
19421 459.905
19422 459.905
19423 459.905
19424 459.905
19425 459.905
19426 459.905
19427 459.905
19428 459.905
19429 459.905
19430 459.905
19431 459.905
19432 459.905
19433 459.905
19434 459.905
19435 459.905
19436 459.905
19437 459.905
19438 459.905
19439 459.91
19440 459.91
19441 459.91
19442 459.91
19443 459.91
19444 459.91
19446 459.91
19447 459.91
19448 459.91
19449 459.91
19450 459.91
19451 459.91
19452 459.91
19453 459.91
19454 459.91
19455 459.91
19456 459.91
19457 459.91
19458 459.91
19459 459.91
19461 459.91
19462 459.91
19463 459.91
19464 459.91
19465 459.91
19466 459.91
19467 459.91
19468 459.91
19469 459.91
19470 459.91
19471 459.91
19472 459.91
19473 459.91
19475 459.91
19476 459.91
19477 459.91
19478 459.91
19479 459.91
19480 459.91
19481 459.91
19482 459.91
19483 459.91
19484 459.91
19485 459.91
19486 459.91
19487 459.91
19488 459.91
19489 459.91
19490 459.91
19491 459.91
19492 459.91
19493 459.91
19494 459.91
19495 459.91
19496 459.91
19497 459.91
19498 459.91
19499 459.91
19500 459.91
19501 459.91
19502 459.91
19503 459.91
19504 459.91
19505 459.91
19506 459.91
19507 459.91
19509 459.91
19510 459.91
19511 459.91
19512 459.91
19513 459.91
19515 459.91
19517 459.91
19518 459.91
19519 459.91
19520 459.91
19521 459.91
19522 459.91
19523 459.91
19524 459.91
19525 459.91
19526 459.91
19527 459.91
19528 459.91
19534 99.815
19535 459.275
19536 459.275
19537 459.275
19538 459.275
19539 459.275
19540 459.275
19541 459.275
19543 459.275
19544 459.275
19545 459.275
19546 459.275
19547 459.275
19548 459.275
19549 459.275
19550 459.275
19551 459.275
19552 459.275
19553 459.275
19554 459.275
19555 459.275
19556 459.275
19557 459.275
19558 459.275
19559 459.275
19561 459.275
19562 459.275
19563 459.275
19564 459.275
19565 459.275
19566 459.275
19567 459.275
19568 459.275
19569 459.275
19571 459.275
19572 459.275
19573 459.275
19574 459.275
19575 459.275
19576 459.275
19577 459.275
19578 459.275
19579 459.275
19580 459.275
19581 459.275
19582 459.275
19583 459.275
19584 459.275
19585 459.275
19586 459.275
19587 459.275
19588 459.275
19589 459.275
19590 459.275
19591 459.275
19592 459.275
19593 459.275
19594 459.275
19595 459.275
19596 459.275
19597 459.275
19598 459.275
19599 459.275
19600 459.275
19601 459.275
19602 459.275
19603 459.275
19604 459.92
19605 459.92
19606 459.92
19607 459.92
19608 459.92
19609 459.92
19610 459.92
19611 459.92
19612 459.92
19614 459.92
19615 459.92
19616 459.92
19617 459.92
19618 459.92
19620 459.92
19621 459.92
19622 459.92
19623 459.92
19624 459.92
19625 459.92
19626 459.92
19627 459.92
19628 459.92
19629 459.905
19630 459.905
19631 459.905
19632 459.905
19633 459.905
19634 459.905
19635 459.905
19636 459.905
19637 459.905
19638 459.905
19639 459.905
19640 459.905
19642 459.905
19643 459.905
19644 459.905
19645 459.905
19646 459.905
19647 459.905
19648 459.905
19649 459.93
19650 459.93
19651 459.93
19653 459.93
19654 459.93
19655 459.93
19656 459.93
19657 459.93
19658 459.93
19659 459.93
19660 459.89
19662 459.89
19663 459.89
19664 459.89
19665 459.89
19666 459.89
19668 459.89
19669 459.89
19670 459.89
19671 459.89
19676 459.895
19677 459.895
19678 459.895
19679 459.895
19680 459.895
19683 459.895
19684 459.895
19685 459.895
19686 459.895
19688 459.895
19689 459.895
19690 459.895
19692 459.9
19693 459.9
19694 459.9
19695 459.9
19696 459.9
19697 459.9
19698 459.9
19699 459.9
19700 459.9
19701 459.9
19702 459.9
19703 459.9
19704 459.9
19705 459.9
19706 459.9
19707 459.9
19708 459.9
19709 459.9
19710 459.9
19711 459.9
19712 459.9
19713 459.9
19715 459.9
19716 459.9
19720 459.9
19721 459.9
19722 459.9
19723 459.9
19726 459.9
19727 459.9
19728 459.9
19729 459.9
19730 459.9
19731 459.9
19743 459.905
19744 459.905
19745 459.905
19746 459.905
19747 459.905
19748 459.905
19749 459.905
19750 459.905
19751 459.905
19752 459.905
19753 459.905
19754 459.905
19755 459.905
19756 459.905
19757 459.905
19758 459.905
19759 459.905
19760 459.905
19761 459.905
19762 459.905
19763 459.905
19764 459.905
19765 459.905
19766 459.905
19767 459.905
19768 459.905
19769 459.905
19770 459.905
19771 459.905
19772 459.905
19773 459.895
19774 459.895
19775 459.895
19776 459.895
19777 459.895
19778 459.895
19779 459.895
19780 459.895
19781 459.895
19782 459.895
19783 459.895
19785 459.895
19786 459.895
19787 459.895
19788 459.895
19789 459.895
19793 459.895
19794 459.895
19795 459.895
19796 459.895
19797 459.895
19798 459.895
19799 459.895
19800 459.895
19801 459.895
19802 459.895
19803 459.895
19805 459.895
19806 459.895
19807 459.895
19810 459.875
19811 459.875
19812 459.875
19813 459.875
19814 459.875
19815 459.875
19817 459.875
19818 459.875
19819 459.875
19820 459.875
19821 459.875
19822 459.875
19823 459.875
19824 459.875
19825 459.875
19826 459.875
19827 459.875
19828 459.875
19829 459.875
19830 459.875
19831 459.875
19832 459.875
19833 459.875
19834 459.875
19835 459.875
19836 459.875
19837 459.875
19838 459.875
19839 459.875
19840 459.875
19841 459.875
19842 459.875
19843 459.875
19844 459.875
19845 459.875
19846 459.875
19847 459.875
19848 459.875
19849 459.145
19850 459.145
19851 459.145
19852 459.145
19853 459.145
19854 459.145
19855 459.145
19856 459.145
19857 459.145
19860 459.035
19861 459.035
19862 459.035
19863 459.035
19864 459.035
19865 459.035
19866 459.035
19867 459.035
19868 459.035
19869 459.035
19870 459.035
19871 459.035
19872 459.035
19873 459.035
19874 459.035
19875 459.035
19876 459.035
19877 459.035
19878 459.035
19879 459.895
19880 459.895
19881 459.895
19882 459.895
19883 459.895
19884 459.895
19885 459.895
19886 459.895
19887 459.895
19888 459.895
19889 459.895
19890 459.16
19891 459.16
19892 459.16
19893 459.16
