19203 450.085
19204 450.085
19205 450.085
19206 450.085
19208 450.085
19209 450.085
19210 450.085
19211 450.085
19212 450.085
19213 450.085
19214 450.085
19215 450.085
19216 450.085
19217 450.085
19218 450.085
19219 450.085
19220 450.085
19221 450.085
19222 450.085
19223 450.085
19224 450.085
19225 450.085
19226 450.085
19228 450.085
19229 450.085
19231 450.085
19232 450.085
19233 450.085
19234 450.085
19235 450.085
19236 450.085
19237 450.085
19238 450.085
19239 450.085
19243 450.085
19244 450.085
19245 450.085
19246 450.085
19247 450.085
19248 450.085
19249 450.085
19250 450.085
19251 450.085
19252 450.085
19253 450.075
19254 450.075
19256 450.075
19257 450.075
19258 450.075
19259 450.055
19260 450.055
19280 0
19302 450.065
19303 100.26
19305 100.26
19306 100.26
19308 100.26
19309 100.26
19315 449.315
19316 449.315
19317 449.315
19318 449.315
19319 449.315
19321 450.06
19322 450.06
19323 450.06
19324 450.06
19325 450.06
19326 450.06
19327 450.06
19328 450.06
19329 450.06
19330 450.06
19331 450.045
19333 450.045
19334 450.045
19335 450.045
19336 450.045
19337 450.045
19338 450.045
19339 450.045
19340 450.045
19341 450.045
19342 450.045
19343 450.045
19344 450.045
19345 450.045
19346 450.045
19347 450.045
19348 450.045
19349 450.045
19351 450.045
19352 450.045
19353 450.045
19354 450.045
19355 450.045
19356 450.045
19357 450.045
19359 450.045
19360 450.045
19361 450.045
19362 450.045
19363 450.045
19364 450.045
19365 450.045
19366 450.045
19367 450.045
19381 100.325
19382 450.14
19383 450.14
19384 450.14
19385 450.14
19386 450.14
19387 450.14
19388 450.14
19389 450.14
19390 450.14
19391 450.14
19392 450.14
19393 450.14
19394 450.14
19395 450.14
19399 450.14
19400 450.14
19401 450.14
19403 450.14
19404 450.14
19405 450.14
19406 450.14
19407 450.14
19408 450.14
19409 450.14
19410 450.14
19411 450.14
19413 450.14
19414 450.14
19415 450.14
19416 450.14
19417 450.14
19418 450.14
19419 450.14
19420 450.14
19421 450.14
19422 450.14
19423 450.14
19424 450.14
19425 450.14
19426 450.14
19427 450.14
19428 450.14
19429 450.14
19430 450.14
19431 450.14
19432 450.14
19433 450.14
19434 450.14
19435 450.14
19436 450.14
19437 450.14
19438 450.14
19439 450.13
19440 450.13
19441 450.13
19442 450.13
19443 450.13
19444 450.13
19446 450.13
19447 450.13
19448 450.13
19449 450.13
19450 450.13
19451 450.13
19452 450.13
19453 450.13
19454 450.13
19455 450.13
19456 450.13
19457 450.13
19458 450.13
19459 450.13
19461 450.13
19462 450.13
19463 450.13
19464 450.13
19465 450.13
19466 450.13
19467 450.13
19468 450.13
19469 450.13
19470 450.13
19471 450.13
19472 450.13
19473 450.13
19475 450.13
19476 450.13
19477 450.13
19478 450.13
19479 450.13
19480 450.13
19481 450.13
19482 450.13
19483 450.13
19484 450.13
19485 450.13
19486 450.13
19487 450.13
19488 450.13
19489 450.13
19490 450.13
19491 450.13
19492 450.13
19493 450.13
19494 450.13
19495 450.13
19496 450.13
19497 450.13
19498 450.13
19499 450.13
19500 450.13
19501 450.13
19502 450.13
19503 450.13
19504 450.13
19505 450.13
19506 450.13
19507 450.13
19509 450.13
19510 450.13
19511 450.13
19512 450.13
19513 450.13
19515 450.13
19517 450.13
19518 450.13
19519 450.13
19520 450.13
19521 450.13
19522 450.13
19523 450.13
19524 450.13
19525 450.13
19526 450.13
19527 450.13
19528 450.13
19534 100.18
19535 450.075
19536 450.075
19537 450.075
19538 450.075
19539 450.075
19540 450.075
19541 450.075
19543 450.075
19544 450.075
19545 450.075
19546 450.075
19547 450.075
19548 450.075
19549 450.075
19550 450.075
19551 450.075
19552 450.075
19553 450.075
19554 450.075
19555 450.075
19556 450.075
19557 450.075
19558 450.075
19559 450.075
19561 450.075
19562 450.075
19563 450.075
19564 450.075
19565 450.075
19566 450.075
19567 450.075
19568 450.075
19569 450.075
19571 450.075
19572 450.075
19573 450.075
19574 450.075
19575 450.075
19576 450.075
19577 450.075
19578 450.075
19579 450.075
19580 450.075
19581 450.075
19582 450.075
19583 450.075
19584 450.075
19585 450.075
19586 450.075
19587 450.075
19588 450.075
19589 450.075
19590 450.075
19591 450.075
19592 450.075
19593 450.075
19594 450.075
19595 450.075
19596 450.075
19597 450.075
19598 450.075
19599 450.075
19600 450.075
19601 450.075
19602 450.075
19603 450.075
19604 450.12
19605 450.12
19606 450.12
19607 450.12
19608 450.12
19609 450.12
19610 450.12
19611 450.12
19612 450.12
19614 450.12
19615 450.12
19616 450.12
19617 450.12
19618 450.12
19620 450.12
19621 450.12
19622 450.12
19623 450.12
19624 450.12
19625 450.12
19626 450.12
19627 450.12
19628 450.12
19629 450.085
19630 450.085
19631 450.085
19632 450.085
19633 450.085
19634 450.085
19635 450.085
19636 450.085
19637 450.085
19638 450.085
19639 450.085
19640 450.085
19642 450.085
19643 450.085
19644 450.085
19645 450.085
19646 450.085
19647 450.085
19648 450.085
19649 450.085
19650 450.085
19651 450.085
19653 450.085
19654 450.085
19655 450.085
19656 450.085
19657 450.085
19658 450.085
19659 450.085
19660 449.98
19662 449.98
19663 449.98
19664 449.98
19665 449.98
19666 449.98
19668 449.98
19669 449.98
19670 449.98
19671 449.98
19676 450.055
19677 450.055
19678 450.055
19679 450.055
19680 450.055
19683 450.055
19684 450.055
19685 450.055
19686 450.055
19688 450.055
19689 450.055
19690 450.055
19692 450.095
19693 450.095
19694 450.095
19695 450.095
19696 450.095
19697 450.095
19698 450.095
19699 450.095
19700 450.095
19701 450.095
19702 450.095
19703 450.095
19704 450.095
19705 450.095
19706 450.095
19707 450.095
19708 450.095
19709 450.095
19710 450.095
19711 450.095
19712 450.095
19713 450.095
19715 450.095
19716 450.095
19720 450.095
19721 450.095
19722 450.095
19723 450.095
19726 450.095
19727 450.095
19728 450.095
19729 450.095
19730 450.095
19731 450.095
19743 450.11
19744 450.11
19745 450.11
19746 450.11
19747 450.11
19748 450.11
19749 450.11
19750 450.11
19751 450.11
19752 450.11
19753 450.11
19754 450.11
19755 450.11
19756 450.11
19757 450.11
19758 450.11
19759 450.11
19760 450.11
19761 450.11
19762 450.11
19763 450.11
19764 450.11
19765 450.11
19766 450.11
19767 450.11
19768 450.11
19769 450.11
19770 450.11
19771 450.11
19772 450.11
19773 450.05
19774 450.05
19775 450.05
19776 450.05
19777 450.05
19778 450.05
19779 450.05
19780 450.05
19781 450.05
19782 450.05
19783 450.05
19785 450.05
19786 450.05
19787 450.05
19788 450.05
19789 450.05
19793 450.05
19794 450.05
19795 450.05
19796 450.05
19797 450.05
19798 450.05
19799 450.05
19800 450.05
19801 450.05
19802 450.05
19803 450.05
19805 450.05
19806 450.05
19807 450.05
19810 450.01
19811 450.01
19812 450.01
19813 450.01
19814 450.01
19815 450.01
19817 450.01
19818 450.01
19819 450.01
19820 450.01
19821 450.01
19822 450.01
19823 450.01
19824 450.01
19825 450.01
19826 450.01
19827 450.01
19828 450.01
19829 450.01
19830 450.01
19831 450.01
19832 450.01
19833 450.01
19834 450.01
19835 450.01
19836 450.01
19837 450.01
19838 450.01
19839 450.01
19840 450.01
19841 450.01
19842 450.01
19843 450.01
19844 450.01
19845 450.01
19846 450.01
19847 450.01
19848 450.01
19849 450.055
19850 450.055
19851 450.055
19852 450.055
19853 450.055
19854 450.055
19855 450.055
19856 450.055
19857 450.055
19860 450.055
19861 450.055
19862 450.055
19863 450.055
19864 450.055
19865 450.055
19866 450.055
19867 450.055
19868 450.055
19869 450.055
19870 450.055
19871 450.055
19872 450.055
19873 450.055
19874 450.055
19875 450.055
19876 450.055
19877 450.055
19878 450.055
19879 450.01
19880 450.01
19881 450.01
19882 450.01
19883 450.01
19884 450.01
19885 450.01
19886 450.01
19887 450.01
19888 450.01
19889 450.01
19890 450.055
19891 450.055
19892 450.055
19893 450.055
