19203 459.84
19204 459.84
19205 459.84
19206 459.84
19208 459.84
19209 459.84
19210 459.84
19211 459.84
19212 459.84
19213 459.84
19214 459.84
19215 459.84
19216 459.84
19217 459.84
19218 459.84
19219 459.84
19220 459.84
19221 459.84
19222 459.84
19223 459.84
19224 459.84
19225 459.84
19226 459.84
19228 459.84
19229 459.84
19231 459.84
19232 459.84
19233 459.84
19234 459.84
19235 459.84
19236 459.84
19237 459.84
19238 459.84
19239 459.84
19243 459.84
19244 459.84
19245 459.84
19246 459.84
19247 459.84
19248 459.84
19249 459.84
19250 459.84
19251 459.84
19252 459.84
19253 459.855
19254 459.855
19256 459.855
19257 459.855
19258 459.855
19259 458.93
19260 458.93
19280 0
19302 459.365
19303 99.92
19305 99.92
19306 99.92
19308 99.92
19309 99.92
19315 459.595
19316 459.595
19317 459.595
19318 459.595
19319 459.595
19321 459.155
19322 459.155
19323 459.155
19324 459.155
19325 459.155
19326 459.155
19327 459.155
19328 459.155
19329 459.155
19330 459.155
19331 459.835
19333 459.835
19334 459.835
19335 459.835
19336 459.835
19337 459.835
19338 459.835
19339 459.835
19340 459.835
19341 459.835
19342 459.835
19343 459.835
19344 459.835
19345 459.835
19346 459.835
19347 459.835
19348 459.835
19349 459.835
19351 459.835
19352 459.835
19353 459.835
19354 459.835
19355 459.835
19356 459.835
19357 459.835
19359 459.835
19360 459.835
19361 459.835
19362 459.835
19363 459.835
19364 459.835
19365 459.835
19366 459.835
19367 459.835
19381 99.895
19382 459.84
19383 459.84
19384 459.84
19385 459.84
19386 459.84
19387 459.84
19388 459.84
19389 459.84
19390 459.84
19391 459.84
19392 459.84
19393 459.84
19394 459.84
19395 459.84
19399 459.84
19400 459.84
19401 459.84
19403 459.84
19404 459.84
19405 459.84
19406 459.84
19407 459.84
19408 459.84
19409 459.84
19410 459.84
19411 459.84
19413 459.84
19414 459.84
19415 459.84
19416 459.84
19417 459.84
19418 459.84
19419 459.84
19420 459.84
19421 459.84
19422 459.84
19423 459.84
19424 459.84
19425 459.84
19426 459.84
19427 459.84
19428 459.84
19429 459.84
19430 459.84
19431 459.84
19432 459.84
19433 459.84
19434 459.84
19435 459.84
19436 459.84
19437 459.84
19438 459.84
19439 459.83
19440 459.83
19441 459.83
19442 459.83
19443 459.83
19444 459.83
19446 459.83
19447 459.83
19448 459.83
19449 459.83
19450 459.83
19451 459.83
19452 459.83
19453 459.83
19454 459.83
19455 459.83
19456 459.83
19457 459.83
19458 459.83
19459 459.83
19461 459.83
19462 459.83
19463 459.83
19464 459.83
19465 459.83
19466 459.83
19467 459.83
19468 459.83
19469 459.83
19470 459.83
19471 459.83
19472 459.83
19473 459.83
19475 459.83
19476 459.83
19477 459.83
19478 459.83
19479 459.83
19480 459.83
19481 459.83
19482 459.83
19483 459.83
19484 459.83
19485 459.83
19486 459.83
19487 459.83
19488 459.83
19489 459.83
19490 459.83
19491 459.83
19492 459.83
19493 459.83
19494 459.83
19495 459.83
19496 459.83
19497 459.83
19498 459.83
19499 459.83
19500 459.83
19501 459.83
19502 459.83
19503 459.83
19504 459.83
19505 459.83
19506 459.83
19507 459.83
19509 459.83
19510 459.83
19511 459.83
19512 459.83
19513 459.83
19515 459.83
19517 459.83
19518 459.83
19519 459.83
19520 459.83
19521 459.83
19522 459.83
19523 459.83
19524 459.83
19525 459.83
19526 459.83
19527 459.83
19528 459.83
19534 99.82
19535 459.855
19536 459.855
19537 459.855
19538 459.855
19539 459.855
19540 459.855
19541 459.855
19543 459.855
19544 459.855
19545 459.855
19546 459.855
19547 459.855
19548 459.855
19549 459.855
19550 459.855
19551 459.855
19552 459.855
19553 459.855
19554 459.855
19555 459.855
19556 459.855
19557 459.855
19558 459.855
19559 459.855
19561 459.855
19562 459.855
19563 459.855
19564 459.855
19565 459.855
19566 459.855
19567 459.855
19568 459.855
19569 459.855
19571 459.855
19572 459.855
19573 459.855
19574 459.855
19575 459.855
19576 459.855
19577 459.855
19578 459.855
19579 459.855
19580 459.855
19581 459.855
19582 459.855
19583 459.855
19584 459.855
19585 459.855
19586 459.855
19587 459.855
19588 459.855
19589 459.855
19590 459.855
19591 459.855
19592 459.855
19593 459.855
19594 459.855
19595 459.855
19596 459.855
19597 459.855
19598 459.855
19599 459.855
19600 459.855
19601 459.855
19602 459.855
19603 459.855
19604 459.84
19605 459.84
19606 459.84
19607 459.84
19608 459.84
19609 459.84
19610 459.84
19611 459.84
19612 459.84
19614 459.84
19615 459.84
19616 459.84
19617 459.84
19618 459.84
19620 459.84
19621 459.84
19622 459.84
19623 459.84
19624 459.84
19625 459.84
19626 459.84
19627 459.84
19628 459.84
19629 459.855
19630 459.855
19631 459.855
19632 459.855
19633 459.855
19634 459.855
19635 459.855
19636 459.855
19637 459.855
19638 459.855
19639 459.855
19640 459.855
19642 459.855
19643 459.855
19644 459.855
19645 459.855
19646 459.855
19647 459.855
19648 459.855
19649 459.815
19650 459.815
19651 459.82
19653 459.82
19654 459.82
19655 459.82
19656 459.82
19657 459.82
19658 459.82
19659 459.82
19660 459.825
19662 459.825
19663 459.825
19664 459.825
19665 459.825
19666 459.825
19668 459.825
19669 459.825
19670 459.825
19671 459.825
19676 439.86
19677 439.86
19678 439.86
19679 439.855
19680 439.855
19683 439.855
19684 439.855
19685 439.855
19686 439.855
19688 439.855
19689 439.855
19690 439.855
19692 459.85
19693 459.85
19694 459.85
19695 459.85
19696 459.85
19697 459.85
19698 459.85
19699 459.85
19700 459.85
19701 459.85
19702 459.85
19703 459.85
19704 459.85
19705 459.85
19706 459.85
19707 459.85
19708 459.85
19709 459.85
19710 459.85
19711 459.85
19712 459.85
19713 459.85
19715 459.85
19716 459.85
19720 459.85
19721 459.85
19722 459.85
19723 459.85
19726 459.85
19727 459.85
19728 459.85
19729 459.85
19730 459.85
19731 459.85
19743 459.845
19744 459.845
19745 459.845
19746 459.845
19747 459.845
19748 459.845
19749 459.845
19750 459.845
19751 459.845
19752 459.845
19753 459.845
19754 459.845
19755 459.845
19756 459.845
19757 459.845
19758 459.845
19759 459.845
19760 459.845
19761 459.845
19762 459.845
19763 459.845
19764 459.845
19765 459.845
19766 459.845
19767 459.845
19768 459.845
19769 459.845
19770 459.845
19771 459.845
19772 459.845
19773 459.835
19774 459.835
19775 459.835
19776 459.835
19777 459.835
19778 459.835
19779 459.835
19780 459.835
19781 459.835
19782 459.835
19783 459.835
19785 459.835
19786 459.835
19787 459.835
19788 459.835
19789 459.835
19793 459.835
19794 459.835
19795 459.835
19796 459.835
19797 459.835
19798 459.835
19799 459.835
19800 459.835
19801 459.835
19802 459.835
19803 459.835
19805 459.835
19806 459.835
19807 459.835
19810 459.84
19811 459.84
19812 459.84
19813 459.84
19814 459.84
19815 459.84
19817 459.84
19818 459.84
19819 459.84
19820 459.84
19821 459.84
19822 459.84
19823 459.84
19824 459.84
19825 459.84
19826 459.84
19827 459.84
19828 459.84
19829 459.84
19830 459.84
19831 459.84
19832 459.84
19833 459.84
19834 459.84
19835 459.84
19836 459.84
19837 459.84
19838 459.84
19839 459.84
19840 459.84
19841 459.84
19842 459.84
19843 459.84
19844 459.84
19845 459.84
19846 459.84
19847 459.84
19848 459.84
19849 459.845
19850 459.845
19851 459.845
19852 459.845
19853 459.845
19854 459.845
19855 459.845
19856 459.845
19857 459.845
19860 459.855
19861 459.855
19862 459.855
19863 459.855
19864 459.855
19865 459.855
19866 459.855
19867 459.855
19868 459.855
19869 459.855
19870 459.855
19871 459.855
19872 459.855
19873 459.855
19874 459.855
19875 459.855
19876 459.855
19877 459.855
19878 459.855
19879 459.845
19880 459.845
19881 459.845
19882 459.845
19883 459.845
19884 459.845
19885 459.845
19886 459.845
19887 459.845
19888 459.845
19889 459.845
19890 459.835
19891 459.835
19892 459.835
19893 459.835
