19203 449.875
19204 449.875
19205 449.875
19206 449.875
19208 449.875
19209 449.875
19210 449.875
19211 449.875
19212 449.875
19213 449.875
19214 449.875
19215 449.875
19216 449.875
19217 449.875
19218 449.875
19219 449.875
19220 449.875
19221 449.875
19222 449.875
19223 449.875
19224 449.875
19225 449.875
19226 449.875
19228 449.875
19229 449.875
19231 449.875
19232 449.875
19233 449.875
19234 449.875
19235 449.875
19236 449.875
19237 449.875
19238 449.875
19239 449.875
19243 449.875
19244 449.875
19245 449.875
19246 449.875
19247 449.875
19248 449.875
19249 449.875
19250 449.875
19251 449.875
19252 449.875
19253 449.92
19254 449.92
19256 449.92
19257 449.92
19258 449.92
19259 449.9
19260 449.9
19280 0
19302 449.9
19303 100
19305 100
19306 100
19308 100
19309 100
19315 449.915
19316 449.915
19317 449.915
19318 449.915
19319 449.915
19321 449.89
19322 449.89
19323 449.89
19324 449.89
19325 449.89
19326 449.89
19327 449.89
19328 449.89
19329 449.89
19330 449.89
19331 449.885
19333 449.885
19334 449.885
19335 449.885
19336 449.885
19337 449.885
19338 449.885
19339 449.885
19340 449.885
19341 449.885
19342 449.885
19343 449.885
19344 449.885
19345 449.885
19346 449.885
19347 449.885
19348 449.885
19349 449.885
19351 449.885
19352 449.885
19353 449.885
19354 449.885
19355 449.885
19356 449.885
19357 449.885
19359 449.885
19360 449.885
19361 449.885
19362 449.885
19363 449.885
19364 449.885
19365 449.885
19366 449.885
19367 449.885
19381 100
19382 449.89
19383 449.89
19384 449.89
19385 449.89
19386 449.89
19387 449.89
19388 449.89
19389 449.89
19390 449.89
19391 449.89
19392 449.89
19393 449.89
19394 449.89
19395 449.89
19399 449.89
19400 449.89
19401 449.89
19403 449.89
19404 449.89
19405 449.89
19406 449.89
19407 449.89
19408 449.89
19409 449.89
19410 449.89
19411 449.89
19413 449.89
19414 449.89
19415 449.89
19416 449.89
19417 449.89
19418 449.89
19419 449.89
19420 449.89
19421 449.89
19422 449.89
19423 449.89
19424 449.89
19425 449.89
19426 449.89
19427 449.89
19428 449.89
19429 449.89
19430 449.89
19431 449.89
19432 449.89
19433 449.89
19434 449.89
19435 449.89
19436 449.89
19437 449.89
19438 449.89
19439 449.675
19440 449.675
19441 449.675
19442 449.675
19443 449.675
19444 449.675
19446 449.675
19447 449.675
19448 449.675
19449 449.675
19450 449.675
19451 449.675
19452 449.675
19453 449.675
19454 449.675
19455 449.675
19456 449.675
19457 449.675
19458 449.675
19459 449.675
19461 449.675
19462 449.675
19463 449.675
19464 449.675
19465 449.675
19466 449.675
19467 449.675
19468 449.675
19469 449.675
19470 449.675
19471 449.675
19472 449.675
19473 449.675
19475 449.675
19476 449.675
19477 449.675
19478 449.675
19479 449.675
19480 449.675
19481 449.675
19482 449.675
19483 449.675
19484 449.675
19485 449.675
19486 449.675
19487 449.675
19488 449.675
19489 449.675
19490 449.675
19491 449.675
19492 449.675
19493 449.675
19494 449.675
19495 449.675
19496 449.675
19497 449.675
19498 449.675
19499 449.675
19500 449.675
19501 449.675
19502 449.675
19503 449.675
19504 449.675
19505 449.675
19506 449.675
19507 449.675
19509 449.675
19510 449.675
19511 449.675
19512 449.675
19513 449.675
19515 449.675
19517 449.675
19518 449.675
19519 449.675
19520 449.675
19521 449.675
19522 449.675
19523 449.675
19524 449.675
19525 449.675
19526 449.675
19527 449.675
19528 449.675
19534 99.745
19535 449.91
19536 449.91
19537 449.91
19538 449.91
19539 449.91
19540 449.91
19541 449.91
19543 449.91
19544 449.91
19545 449.91
19546 449.91
19547 449.91
19548 449.91
19549 449.91
19550 449.91
19551 449.91
19552 449.91
19553 449.91
19554 449.91
19555 449.91
19556 449.91
19557 449.91
19558 449.91
19559 449.91
19561 449.91
19562 449.91
19563 449.91
19564 449.91
19565 449.91
19566 449.91
19567 449.91
19568 449.91
19569 449.91
19571 449.91
19572 449.91
19573 449.91
19574 449.91
19575 449.91
19576 449.91
19577 449.91
19578 449.91
19579 449.91
19580 449.91
19581 449.91
19582 449.91
19583 449.91
19584 449.91
19585 449.91
19586 449.91
19587 449.91
19588 449.91
19589 449.91
19590 449.91
19591 449.91
19592 449.91
19593 449.91
19594 449.91
19595 449.91
19596 449.91
19597 449.91
19598 449.91
19599 449.91
19600 449.91
19601 449.91
19602 449.91
19603 449.91
19604 449.755
19605 449.755
19606 449.755
19607 449.755
19608 449.755
19609 449.755
19610 449.755
19611 449.755
19612 449.755
19614 449.755
19615 449.755
19616 449.755
19617 449.755
19618 449.755
19620 449.755
19621 449.755
19622 449.755
19623 449.755
19624 449.755
19625 449.755
19626 449.755
19627 449.755
19628 449.755
19629 449.905
19630 449.905
19631 449.905
19632 449.905
19633 449.905
19634 449.905
19635 449.905
19636 449.905
19637 449.905
19638 449.905
19639 449.905
19640 449.905
19642 449.905
19643 449.905
19644 449.905
19645 449.905
19646 449.905
19647 449.905
19648 449.905
19649 449.905
19650 449.885
19651 449.875
19653 449.875
19654 449.875
19655 449.875
19656 449.875
19657 449.875
19658 449.875
19659 449.875
19660 449.855
19662 449.855
19663 449.855
19664 449.855
19665 449.855
19666 449.855
19668 449.855
19669 449.855
19670 449.855
19671 449.855
19676 449.765
19677 449.765
19678 449.765
19679 449.765
19680 449.765
19683 449.765
19684 449.765
19685 449.765
19686 449.765
19688 449.765
19689 449.765
19690 449.765
19692 449.885
19693 449.885
19694 449.885
19695 449.885
19696 449.885
19697 449.885
19698 449.885
19699 449.885
19700 449.885
19701 449.885
19702 449.885
19703 449.885
19704 449.885
19705 449.885
19706 449.885
19707 449.885
19708 449.885
19709 449.885
19710 449.885
19711 449.885
19712 449.885
19713 449.885
19715 449.885
19716 449.885
19720 449.885
19721 449.885
19722 449.885
19723 449.885
19726 449.885
19727 449.885
19728 449.885
19729 449.885
19730 449.885
19731 449.885
19743 449.83
19744 449.83
19745 449.83
19746 449.83
19747 449.83
19748 449.83
19749 449.83
19750 449.83
19751 449.83
19752 449.83
19753 449.83
19754 449.83
19755 449.83
19756 449.83
19757 449.83
19758 449.83
19759 449.83
19760 449.83
19761 449.83
19762 449.83
19763 449.83
19764 449.83
19765 449.83
19766 449.83
19767 449.83
19768 449.83
19769 449.83
19770 449.83
19771 449.83
19772 449.83
19773 449.875
19774 449.875
19775 449.875
19776 449.875
19777 449.875
19778 449.875
19779 449.875
19780 449.875
19781 449.875
19782 449.875
19783 449.875
19785 449.875
19786 449.875
19787 449.875
19788 449.875
19789 449.875
19793 449.875
19794 449.875
19795 449.875
19796 449.875
19797 449.875
19798 449.875
19799 449.875
19800 449.875
19801 449.875
19802 449.875
19803 449.875
19805 449.875
19806 449.875
19807 449.875
19810 449.74
19811 449.74
19812 449.74
19813 449.74
19814 449.74
19815 449.74
19817 449.74
19818 449.74
19819 449.74
19820 449.74
19821 449.74
19822 449.74
19823 449.74
19824 449.74
19825 449.74
19826 449.74
19827 449.74
19828 449.74
19829 449.74
19830 449.74
19831 449.74
19832 449.74
19833 449.74
19834 449.74
19835 449.74
19836 449.74
19837 449.74
19838 449.74
19839 449.74
19840 449.74
19841 449.74
19842 449.74
19843 449.74
19844 449.74
19845 449.74
19846 449.74
19847 449.74
19848 449.74
19849 449.885
19850 449.885
19851 449.885
19852 449.885
19853 449.885
19854 449.885
19855 449.885
19856 449.885
19857 449.885
19860 449.905
19861 449.905
19862 449.905
19863 449.905
19864 449.905
19865 449.905
19866 449.905
19867 449.905
19868 449.905
19869 449.905
19870 449.905
19871 449.905
19872 449.905
19873 449.905
19874 449.905
19875 449.905
19876 449.905
19877 449.905
19878 449.905
19879 449.89
19880 449.89
19881 449.89
19882 449.89
19883 449.89
19884 449.89
19885 449.89
19886 449.89
19887 449.89
19888 449.89
19889 449.89
19890 449.89
19891 449.89
19892 449.89
19893 449.89
