RunNumber	Efficiency
20014.0	0.9504132231404959
20015.0	0.9652005671803978
20017.0	0.9664458525345622
20018.0	0.9658155289213132
20019.0	0.9688840092999225
20021.0	0.9721213813646095
20022.0	0.9699500221420889
20023.0	0.9627979822634448
20024.0	0.9652316122592018
20026.0	0.9711923571559802
20027.0	0.9730117660390187
20030.0	0.9758407045162296
20031.0	0.9728160088032115
20032.0	0.9761948028348174
20033.0	0.9725163840632477
20036.0	0.9440390148059785
20038.0	0.9381871652704142
20039.0	0.942113674151318
20041.0	0.9673622886691402
20042.0	0.9650036549707602
20043.0	0.9793960846005944
20044.0	0.9750874678581967
20045.0	0.9790862719006431
20046.0	0.9781567265855052
20047.0	0.9782628782628783
20048.0	0.9795742798151608
20051.0	0.9754480362665763
20055.0	0.9752601692947459
20056.0	0.9768106385317068
20057.0	0.974657519423464
20059.0	0.9749384357225358
20060.0	0.9825834542815675
20072.0	0.9693734530164316
20075.0	0.9792914958477872
20076.0	0.9815978928884986
20077.0	0.9806469642981904
20078.0	0.9810828774477223
20079.0	0.9766468110560028
20080.0	0.9748799137339477
20081.0	0.9799059751289051
20082.0	0.9799838200370573
20083.0	0.9807973616319583
20084.0	0.9837357119965816
20085.0	0.9812213779517487
20086.0	0.981696998998515
20089.0	0.9802889324191969
20090.0	0.9800170976704424
20091.0	0.9809563670607931
20093.0	0.9784657453977245
20094.0	0.9777219349538492
20095.0	0.9815158068170117
20096.0	0.9804083885209713
20097.0	0.9787419099025351
20098.0	0.9808190772420944
20100.0	0.9794506612410987
20101.0	0.9811116576487949
20104.0	0.9811749680715198
20105.0	0.9790568932168345
20107.0	0.9823372303970973
20108.0	0.9808249275941276
20111.0	0.9813945357374757
20112.0	0.9790974947177784
20113.0	0.9803090386982086
20114.0	0.9793668238380544
20116.0	0.9746381233675886
20117.0	0.9783220816229603
20118.0	0.9795040228129137
20119.0	0.9801491477272727
20120.0	0.9807614006514658
20121.0	0.9791536637123954
20123.0	0.9779131955157873
20124.0	0.9807050092764379
20125.0	0.9821538289672122
20126.0	0.9793919664533216
20127.0	0.9779562193126022
20128.0	0.9831365475019131
20129.0	0.8509159994571855
20131.0	0.9767636592003349
20132.0	0.9726948217514255
20133.0	0.9748847339032923
20134.0	0.9770243244500256
20135.0	0.9788649706457926
20136.0	0.97852039857116
20137.0	0.9778138269955627
20138.0	0.9782060646042928
20139.0	0.9746169560776302
20140.0	0.9769223516100136
20141.0	0.9731790208505557
20142.0	0.9767480249970523
20143.0	0.9748386493312132
20144.0	0.9746634109187033
20145.0	0.9769456161251892
20148.0	0.9773772734778609
20149.0	0.9760697342899208
20150.0	0.9763381840824704
20151.0	0.9754360566932075
20152.0	0.9743778801843318
20153.0	0.9754460093896714
20154.0	0.9756982981871994
20155.0	0.9764705882352941
20156.0	0.974901091944928
20157.0	0.9749391613627855
20158.0	0.9756205984885707
20160.0	0.9722965920951128
20161.0	0.9775823973485546
20162.0	0.9775627735544805
20163.0	0.9773038946791004
20164.0	0.976064927323582
20165.0	0.9754478179680476
20166.0	0.9750273465682966
20167.0	0.9712923048702192
20168.0	0.9726365840014917
20169.0	0.9734160117878192
20170.0	0.9712209580265799
20171.0	0.9750707420312902
20172.0	0.9734088728468954
20173.0	0.9720333431224163
20174.0	0.9748057946672265
20175.0	0.9772791419700818
20176.0	0.9753316156121767
20177.0	0.974561500275786
20178.0	0.9728275411005738
20179.0	0.9737783075089392
20181.0	0.9725313863413766
20182.0	0.9731046820060453
20183.0	0.9729865588460278
20184.0	0.9717451047749914
20185.0	0.9795156481055005
20186.0	0.976936259342124
20187.0	0.9761525061949508
20191.0	0.9766446450172142
20192.0	0.9770684278114108
20193.0	0.977125464062536
20194.0	0.9742496086394264
20195.0	0.9763681883057629
20196.0	0.9762223556027517
20197.0	0.9748927929174159
20199.0	0.9751717346962699
20200.0	0.9756651676972081
20201.0	0.9758964757187211
20202.0	0.9745415866996555
20203.0	0.9749152094436858
20205.0	0.9788906083760518
20207.0	0.9780677089191318
20208.0	0.976996063619195
20209.0	0.9771622151038186
20213.0	0.9822445561139028
20214.0	0.9768783480609862
20215.0	0.9788570766199142
20216.0	0.9748419181349716
20217.0	0.9780074974440531
20219.0	0.9794396383579247
20220.0	0.978981794895252
20221.0	0.9790556593546006
20222.0	0.9743482288587939
20223.0	0.9783600194080544
20224.0	0.9785519514875259
20225.0	0.9801685311637367
20226.0	0.9799095198715766
20227.0	0.9793059844855677
20228.0	0.9792930400253356
20229.0	0.9791773841895103
20230.0	0.9766009570254367
20231.0	0.9776193261055378
20232.0	0.978913966937919
20234.0	0.9794459109664523
20235.0	0.9802282141858751
20238.0	0.9510677172547676
20239.0	0.9669282703314027
20240.0	0.9764289015560006
20241.0	0.9825782921903728
20242.0	0.9787812631659581
20243.0	0.9853551257060029
20244.0	0.9825888693128821
20245.0	0.9801322818621216
20246.0	0.9801152523928475
20247.0	0.9830583229555833
20248.0	0.9822899822899823
20249.0	0.9824491023969512
20251.0	0.9698308829778193
20252.0	0.9806608606557377
20253.0	0.9785921072680177
20254.0	0.9799557999691628
20255.0	0.979613707165109
20256.0	0.9801222469185694
20257.0	0.9805575017515764
20258.0	0.9815336695342628
20260.0	0.9833251971943167
20263.0	0.9809653122918481
20264.0	0.9778753203257808
20265.0	0.9799835340125553
20266.0	0.9815942725864187
20267.0	0.9807950330167583
20270.0	0.9870730790364094
20271.0	0.9885665956647036
20272.0	0.9872094257509818
20273.0	0.9884998722208025
20274.0	0.9863313096270598
20275.0	0.9861635220125786
20282.0	0.9771438633562247
20288.0	0.977353763129999
20289.0	0.9767284738383004
20290.0	0.9773122718433352
20291.0	0.978011180755548
20292.0	0.9689025375787943
20293.0	0.9776500204109403
20294.0	0.9736992840095465
20297.0	0.9724040515399986
20298.0	0.9765579147246677
20299.0	0.9776439938036896
20300.0	0.9774218776564997
20302.0	0.9769568151147099
20303.0	0.9771322836295081
20304.0	0.9772554441755963
20308.0	0.9741554884472224
20309.0	0.9728395061728395
20312.0	0.9763932830372354
20315.0	0.9763518185589821
20316.0	0.9761896350725969
20317.0	0.9756139924271372
20321.0	0.9761412605542514
20322.0	0.9763140817650876
20324.0	0.9740973594395546
20325.0	0.974169741697417
20326.0	0.9732336714717922
20327.0	0.977271127999437
20330.0	0.9779072508672078
20332.0	0.9754491017964072
20333.0	0.9741664387478555
20334.0	0.9772971084998627
20335.0	0.9759598634241516
20336.0	0.9757422767159515
20339.0	0.9746594265028103
20340.0	0.9751109297699802
20341.0	0.9743054520153074
20342.0	0.9780992865488354
20344.0	0.9788504725944572
20345.0	0.9774188797800796
20346.0	0.9766362101499653
20349.0	0.9710491181224088
20350.0	0.969638478793886
20351.0	0.9716216553203162
20352.0	0.971729755630091
20359.0	0.9707086305365591
20360.0	0.974461755659759
20361.0	0.9709160027079102
20363.0	0.9718390180317185
20364.0	0.9727659574468085
20365.0	0.973376138156256
20367.0	0.9679525531306089
20369.0	0.971767303698641
20370.0	0.9703984144730156
20374.0	0.9714366370682133
20375.0	0.9745646918684091
20378.0	0.9705549548643416
20379.0	0.9719054956343092
20381.0	0.9731323398796013
20382.0	0.9722674970199723
20383.0	0.9736769604528264
20384.0	0.9709597167735144
20385.0	0.9724310163308278
20386.0	0.9767654546802779
20388.0	0.9706653832270485
20389.0	0.6545833723872903
20390.0	0.9744805670985089
20391.0	0.9727220400910934
20392.0	0.9724384965548121
20393.0	0.9740494720666237
20394.0	0.9721345670428411
20395.0	0.9705027004570004
20396.0	0.9703327094449256
20397.0	0.970304094851246
20398.0	0.972049341183067
20399.0	0.9714277451632494
20400.0	0.9663044370842799
20401.0	0.9724470872214536
20403.0	0.9690727451808077
20404.0	0.972113581569783
20407.0	0.9728291093985858
20408.0	0.9698354897859043
20409.0	0.9757408139075464
20410.0	0.9670658682634731
20412.0	0.9723244363824826
20413.0	0.9714887982055509
20414.0	0.8405199252801993
20415.0	0.9692911401519243
20416.0	0.9724249492137537
20417.0	0.9718648328896776
20418.0	0.9737667051641643
20419.0	0.9705813983521451
20420.0	0.9729681452813337
20421.0	0.9692175161521895
20422.0	0.971444937705857
20423.0	0.9735692049808429
20424.0	0.9741838873914346
20425.0	0.9709840867706436
20426.0	0.971378433982815
20427.0	0.9711951138989766
20432.0	0.9733766233766233
20433.0	0.9684288228947817
20434.0	0.9721109756805386
20435.0	0.9731187944960572
20436.0	0.9712523277467412
20437.0	0.9730347784659361
20438.0	0.9727187520921202
20439.0	0.9741367697903103
20440.0	0.9729412531785877
20441.0	0.9741957520804869
20442.0	0.9684725074480086
20448.0	0.9746858764140167
20449.0	0.9824816731349719
20451.0	0.9740496888020164
20452.0	0.9737892107568041
20453.0	0.974163302513348
20454.0	0.9746417922262975
20455.0	0.9736640110108256
20456.0	0.9748335941022037
20457.0	0.970987870305575
20458.0	0.9723216040888539
20459.0	0.9726767841762941
20460.0	0.9755462306467949
20461.0	0.9713504215661394
20464.0	0.9724073149969178
20465.0	0.9703666350261034
20466.0	0.973165841000236
20467.0	0.9724565534921156
20468.0	0.9701962824848958
20470.0	0.9709804382306292
20471.0	0.9736063222774846
20472.0	0.9716579783090659
20473.0	0.9713017837853619
20474.0	0.9712754494413883
20478.0	0.9747801380056826
20479.0	0.9761532136130932
20480.0	0.9754254811515827
20481.0	0.9756019089495416
20482.0	0.9721169752921714
20483.0	0.9719948179387524
20484.0	0.9716090045458258
20485.0	0.9753093163630404
20486.0	0.9735618440281653
20488.0	0.9770852177726612
20489.0	0.9750965043963113
20490.0	0.9159245357081524
20492.0	0.9473310840038066
20493.0	0.9663972777541472
20500.0	0.930490578597977
20502.0	0.9466794075489727
20503.0	0.9691780821917808
20504.0	0.927744247453791
20505.0	0.9720373731263023
20506.0	0.9687833387448398
20507.0	0.9418043684710351
20508.0	0.975919065260758
20509.0	0.9687608469281499
20510.0	0.9659087354955744
20512.0	0.9630576104012554
20514.0	0.9690237280132216
20515.0	0.9694175064967991
20516.0	0.9673127542474276
20517.0	0.970891267380214
20518.0	0.9704097611901344
20519.0	0.9653856122905817
20520.0	0.9782888200572731
20521.0	0.9788955028338697
20522.0	0.9775921776329192
20523.0	0.9743193823648924
20524.0	0.9789796745613527
20525.0	0.9775891829689298
