RunNumber	Efficiency
20014.0	1.0
20015.0	0.8846153846153846
20017.0	0.8392857142857143
20018.0	0.9156626506024096
20019.0	0.9285714285714286
20021.0	0.9158878504672897
20022.0	0.9347826086956522
20023.0	0.9295154185022027
20024.0	0.9587628865979382
20026.0	0.9733616808404202
20027.0	0.9781545887740578
20030.0	0.9791934240945286
20031.0	0.975355640152274
20032.0	0.9780110935023771
20033.0	0.9697337355718783
20036.0	0.9304298724427006
20038.0	0.9226376592173254
20039.0	0.9396150232864938
20041.0	0.9606027644390205
20042.0	0.9646939367566
20043.0	0.976276307206372
20044.0	0.9723973982236603
20045.0	0.975982760418477
20046.0	0.9716531326827088
20047.0	0.977578830613215
20048.0	0.9775728358834626
20051.0	0.9753561517113783
20055.0	0.975278028253682
20056.0	0.9752012760139754
20057.0	0.9733815933340874
20059.0	0.973598939538994
20060.0	0.9781218170706865
20072.0	0.9668861440861248
20075.0	0.9808649751064723
20076.0	0.9805864393110202
20077.0	0.9801181549647807
20078.0	0.9802434216165252
20079.0	0.8752446920644481
20080.0	0.9748674010607915
20081.0	0.9796722144581375
20082.0	0.9794369007852154
20083.0	0.9804047405125572
20084.0	0.9798155781243361
20085.0	0.9800309144838535
20086.0	0.9785421966596616
20089.0	0.9778139387204318
20090.0	0.9789726468693258
20091.0	0.9785244961855625
20093.0	0.9785868142078811
20094.0	0.9780256506663324
20095.0	0.9800771208226221
20096.0	0.9770710059171598
20097.0	0.9781902155319877
20098.0	0.9804619120221356
20100.0	0.9793789124831226
20101.0	0.9795535322071802
20104.0	0.9818625020657743
20105.0	0.9789216773907256
20107.0	0.9812692909390723
20108.0	0.9782262792060966
20111.0	0.9809438927085986
20112.0	0.9787396562698918
20113.0	0.9795039614192215
20114.0	0.97995289792636
20116.0	0.9734125868508775
20117.0	0.9802546698827621
20118.0	0.9791279957101019
20119.0	0.9776294214101663
20120.0	0.9790683709359184
20121.0	0.977166471865086
20123.0	0.9762665055665832
20124.0	0.9803807129388524
20125.0	0.9785538052761434
20126.0	0.9775078514686865
20127.0	0.9792576419213974
20128.0	0.9820027483487743
20129.0	0.9723397196649249
20131.0	0.9748741678843968
20132.0	0.9714192255795887
20133.0	0.9738556801165568
20134.0	0.9746036881268197
20135.0	0.9761239096399016
20136.0	0.9756992020633514
20137.0	0.975869878525839
20138.0	0.9757422305713236
20139.0	0.9751093026275919
20140.0	0.9741428455085919
20141.0	0.9712586719524281
20142.0	0.9760383386581469
20143.0	0.9727034120734908
20144.0	0.9704475638682584
20145.0	0.9733876366882392
20148.0	0.9736767389981749
20149.0	0.9730065778918658
20150.0	0.9747153513937966
20151.0	0.9762353224061235
20152.0	0.9748516641125388
20153.0	0.9759964853422798
20154.0	0.9740218969509085
20155.0	0.9736987818383167
20156.0	0.9742797218236008
20157.0	0.9732106339468303
20158.0	0.9759560150992943
20160.0	0.9731593883020653
20161.0	0.977857476999844
20162.0	0.974830704192273
20163.0	0.9759903961584634
20164.0	0.9722812029494653
20165.0	0.9747041537606227
20166.0	0.9738497054609139
20167.0	0.9725837422658417
20168.0	0.9761855542233431
20169.0	0.9704373724560146
20170.0	0.9722709524079
20171.0	0.9748299596790616
20172.0	0.9734692226805791
20173.0	0.9733948902539223
20174.0	0.9757974034300368
20175.0	0.9760119940029985
20176.0	0.9735327496757458
20177.0	0.9727286368069623
20178.0	0.9711017764056885
20179.0	0.9743801328146489
20181.0	0.9735667430035322
20182.0	0.9739286296235946
20183.0	0.9718667171525938
20184.0	0.9740653169794592
20185.0	0.9770192231627245
20186.0	0.9739056900092619
20187.0	0.9755904856952761
20191.0	0.9754072558432361
20192.0	0.9756709405112686
20193.0	0.9769172300676081
20194.0	0.975609756097561
20195.0	0.975642335192897
20196.0	0.9766688519532606
20197.0	0.9777423246040702
20199.0	0.9750771229095633
20200.0	0.9755178144380041
20201.0	0.9755051031035201
20202.0	0.9758746948738812
20203.0	0.9752458331751396
20205.0	0.9788407706240738
20207.0	0.9766011246556214
20208.0	0.9739950905185639
20209.0	0.9776474620159171
20213.0	0.9778247096092925
20214.0	0.9760508308895406
20215.0	0.9767574558734023
20216.0	0.9738181007910276
20217.0	0.9778217369802564
20219.0	0.9773953734103173
20220.0	0.9764471657713835
20221.0	0.9760792586453703
20222.0	0.9753583741607694
20223.0	0.9754625585642818
20224.0	0.9805883530118071
20225.0	0.9783078491335372
20226.0	0.9782076493959947
20227.0	0.978313154783743
20228.0	0.9784332766852796
20229.0	0.9784055190431481
20230.0	0.9745393378698677
20231.0	0.9757810153199159
20232.0	0.977555144687621
20234.0	0.977880105004949
20235.0	0.9778046643581293
20238.0	0.9463080587534736
20239.0	0.965979916897507
20240.0	0.979008617514915
20241.0	0.981704357953994
20242.0	0.9797728885734563
20243.0	0.9857714539795465
20244.0	0.98211951250369
20245.0	0.978778531770512
20246.0	0.9792373566004201
20247.0	0.9819159131630485
20248.0	0.9805458649702442
20249.0	0.9789857447157135
20251.0	0.9686556434219986
20252.0	0.9787801725934882
20253.0	0.979753107513562
20254.0	0.9760081674323634
20255.0	0.977610693400167
20256.0	0.977246158984636
20257.0	0.9782883213165505
20258.0	0.9790279894137461
20260.0	0.9824532767485514
20263.0	0.9792565208461697
20264.0	0.9780154737242633
20265.0	0.9776182791132252
20266.0	0.9806307097680955
20267.0	0.9802066151575658
20270.0	0.984694332887104
20271.0	0.9874590005788153
20272.0	0.9849518376121378
20273.0	0.9877714120648982
20274.0	0.9850487627951963
20275.0	0.9872857932559425
20282.0	0.9743886171631836
20288.0	0.9768537826340813
20289.0	0.9791946018426403
20290.0	0.9785816078464247
20291.0	0.979471654294364
20292.0	0.9695990148541522
20293.0	0.9773534285488834
20294.0	0.9739224506063884
20297.0	0.9779828944025744
20298.0	0.9781726949613213
20299.0	0.9784863618901268
20300.0	0.980407786541366
20302.0	0.9791666666666666
20303.0	0.9791264174716505
20304.0	0.9796193363651676
20308.0	0.9764775066157013
20309.0	0.9751209398756047
20312.0	0.9812478396128587
20315.0	0.9776446769023115
20316.0	0.9760619376438585
20317.0	0.9782507313350575
20321.0	0.9811893463297849
20322.0	0.9761830979680376
20324.0	0.9773386034255599
20325.0	0.9764432943695904
20326.0	0.9775573192239859
20327.0	0.9797783566603382
20330.0	0.9787151200519143
20332.0	0.9746048199015289
20333.0	0.9726775956284153
20334.0	0.9780142369865045
20335.0	0.9765326613379534
20336.0	0.9769950557757529
20339.0	0.9756285170640865
20340.0	0.9754023339180841
20341.0	0.9758872536426029
20342.0	0.9778496302077526
20344.0	0.9774013375468509
20345.0	0.9778273755076653
20346.0	0.9787644787644788
20349.0	0.971822263508283
20350.0	0.9706452716833339
20351.0	0.9700174403502912
20352.0	0.971978021978022
20359.0	0.9694577409444881
20360.0	0.9741961832627906
20361.0	0.9704717597754623
20363.0	0.9720742534301856
20364.0	0.9718837477358802
20365.0	0.9726921813403416
20367.0	0.9716350013379716
20369.0	0.9728005501012339
20370.0	0.9674016905549431
20374.0	0.9714424550517698
20375.0	0.9709269876706074
20378.0	0.9711527710484141
20379.0	0.9693276684555754
20381.0	0.9736510110658545
20382.0	0.9701350780920219
20383.0	0.9720790066080894
20384.0	0.9691690861330016
20385.0	0.9742134572411592
20386.0	0.9750276479611858
20388.0	0.9733662145499383
20389.0	0.9584952486693008
20390.0	0.9748702344728835
20391.0	0.9715546478975967
20392.0	0.9731439870573432
20393.0	0.9735690718691723
20394.0	0.9700477499638258
20395.0	0.9734963956532654
20396.0	0.9750836607012949
20397.0	0.9738521795894683
20398.0	0.9718819700903141
20399.0	0.9718094242401613
20400.0	0.9684947063779903
20401.0	0.9725403086821646
20403.0	0.970040972822614
20404.0	0.9710059607035102
20407.0	0.975168132436627
20408.0	0.972117885004334
20409.0	0.9742941887289904
20410.0	0.9675282768927685
20412.0	0.9727148212226067
20413.0	0.972981098042163
20414.0	0.9647110078419983
20415.0	0.9690507922404857
20416.0	0.9728567728567729
20417.0	0.9759967244997185
20418.0	0.9750235804565176
20419.0	0.9735867862736722
20420.0	0.9714576221947854
20421.0	0.9728964256265012
20422.0	0.9747345690120569
20423.0	0.9749466558752116
20424.0	0.9749215129316788
20425.0	0.9723506937462296
20426.0	0.9727044312471448
20427.0	0.9709614194347018
20432.0	0.9751721107367805
20433.0	0.9743136476784877
20434.0	0.973941605839416
20435.0	0.9764186284948144
20436.0	0.9738632681715088
20437.0	0.9754711104189379
20438.0	0.9747049599735909
20439.0	0.9750476617696535
20440.0	0.9731659379888492
20441.0	0.9771935259041277
20442.0	0.9709059792491176
20448.0	0.9757159107769919
20449.0	0.9819301545156175
20451.0	0.972771143752862
20452.0	0.9739874301675978
20453.0	0.9743561960486871
20454.0	0.9742392995405044
20455.0	0.9732100607869545
20456.0	0.9739192568774563
20457.0	0.97008872868432
20458.0	0.9720276454655833
20459.0	0.9728318396725707
20460.0	0.975441023867174
20461.0	0.9713099661879415
20464.0	0.9743039944665398
20465.0	0.9740530973451328
20466.0	0.971994342291372
20467.0	0.9715839754541334
20468.0	0.971400660243886
20470.0	0.9715388326097444
20471.0	0.9758267984998296
20472.0	0.9708245807075456
20473.0	0.972737718046029
20474.0	0.9724451223555939
20478.0	0.9737040900751825
20479.0	0.9770011840264073
20480.0	0.9754069480656754
20481.0	0.9727304964539008
20482.0	0.9702894593118514
20483.0	0.9732300635410008
20484.0	0.9769418372625822
20485.0	0.9778286051573394
20486.0	0.9745160941498756
20488.0	0.9769563130100816
20489.0	0.9757448222394507
20490.0	0.9172665450323437
20492.0	0.9496688741721855
20493.0	0.9682168600929559
20500.0	0.9307074166776446
20502.0	0.9497928213958995
20503.0	0.9674883127921802
20504.0	0.9205574177201826
20505.0	0.9744066342579354
20506.0	0.9709384833713828
20507.0	0.9445560466050623
20508.0	0.9754698701801976
20509.0	0.9712589278031151
20510.0	0.9668452355844266
20512.0	0.9627022799735306
20514.0	0.9684028555879246
20515.0	0.9710554951033732
20516.0	0.973604826546003
20517.0	0.9722973272461327
20518.0	0.9748711922624966
20519.0	0.9636979516185729
20520.0	0.9785875728617313
20521.0	0.9798762822018636
20522.0	0.9798673803627067
20523.0	0.97563496751329
20524.0	0.979644167422778
20525.0	0.9772408417770849
