RunNumber	Efficiency
20014.0	0.9626168224299065
20015.0	0.9696598222494637
20017.0	0.9716398044306216
20018.0	0.9728196055304371
20019.0	0.9748198641853714
20021.0	0.9789010989010989
20022.0	0.9780713723853403
20023.0	0.9691426917989417
20024.0	0.9732801380202717
20026.0	0.9757887287220174
20027.0	0.978517578275252
20030.0	0.9799543967482899
20031.0	0.9799854363882243
20032.0	0.9800970474545604
20033.0	0.9816412626401815
20036.0	0.9225379297437037
20038.0	0.9186380750597158
20039.0	0.9238256932654216
20041.0	0.9746925500558999
20042.0	0.9749763665684258
20043.0	0.9839204697091006
20044.0	0.9824776401788786
20045.0	0.9851764545887259
20046.0	0.9832682904947742
20047.0	0.9850085259568018
20048.0	0.9831180233287344
20051.0	0.9838856400259909
20055.0	0.9829921668758385
20056.0	0.9829259525521208
20057.0	0.9823477297895903
20059.0	0.9830097087378641
20060.0	0.9865326004845137
20072.0	0.9729466572793865
20075.0	0.9870382372002592
20076.0	0.98582835767211
20077.0	0.9870269495412844
20078.0	0.9855955244170239
20079.0	0.9858468914163309
20080.0	0.9841856489163775
20081.0	0.98701602222857
20082.0	0.987410264652309
20083.0	0.9871223513328776
20084.0	0.9868561278863233
20085.0	0.9875929222070987
20086.0	0.9878376467260642
20089.0	0.9856790615426764
20090.0	0.9874030654967779
20091.0	0.9866000698192755
20093.0	0.9845134409276876
20094.0	0.9847855128395429
20095.0	0.9852933410783123
20096.0	0.9856354373054061
20097.0	0.985204296545914
20098.0	0.9864946084497084
20100.0	0.9874352904450977
20101.0	0.9876090180209616
20104.0	0.9873758494511239
20105.0	0.9862274016609138
20107.0	0.9862457664365677
20108.0	0.9864170056020259
20111.0	0.9853207730208573
20112.0	0.9855568714278359
20113.0	0.9869076869076869
20114.0	0.984923345200901
20116.0	0.9831355402873204
20117.0	0.9860529986052998
20118.0	0.9853331943937894
20119.0	0.9856700091157703
20120.0	0.9855556134953329
20121.0	0.9848088943539297
20123.0	0.9832716701902748
20124.0	0.9857383461914593
20125.0	0.9863409058436919
20126.0	0.9868611893183176
20127.0	0.9848413198823035
20128.0	0.9861859838274932
20129.0	0.9933523564642062
20131.0	0.9812430343126793
20132.0	0.9815097580760606
20133.0	0.9817793087064972
20134.0	0.9812917063870352
20135.0	0.9819099146944601
20136.0	0.9825261386852542
20137.0	0.9830765098048793
20138.0	0.9871529116853066
20139.0	0.9839060575083222
20140.0	0.9819377212629146
20141.0	0.9806478853416528
20142.0	0.9834409070031668
20143.0	0.9826408037020165
20144.0	0.9784515159107993
20145.0	0.9821576077977863
20148.0	0.9813129123922362
20149.0	0.9818901958912934
20150.0	0.9821827853225693
20151.0	0.9838331659252881
20152.0	0.9818588761927199
20153.0	0.9839439603293053
20154.0	0.9824106995690974
20155.0	0.9808609035930274
20156.0	0.9812718333548971
20157.0	0.9822297896832058
20158.0	0.9816770855787885
20160.0	0.9807419136995552
20161.0	0.9837576099475824
20162.0	0.9813424934710491
20163.0	0.9820055009090485
20164.0	0.9799235405868143
20165.0	0.983107309927704
20166.0	0.9817367907231469
20167.0	0.9797375591118349
20168.0	0.9814664048656674
20169.0	0.9784696503672086
20170.0	0.9758926540823288
20171.0	0.9808434630415498
20172.0	0.9798114176352518
20173.0	0.979590890115497
20174.0	0.9819185018869727
20175.0	0.9807139434595112
20176.0	0.9811311555338859
20177.0	0.9784774181916523
20178.0	0.980030349013657
20179.0	0.9782178217821782
20181.0	0.9784131879095712
20182.0	0.977906976744186
20183.0	0.9780295918823477
20184.0	0.9788844883044134
20185.0	0.9818860277764049
20186.0	0.9868267548123664
20187.0	0.9817772215269086
20191.0	0.9826868653237889
20192.0	0.9792988782989486
20193.0	0.981594948001033
20194.0	0.9807144016133145
20195.0	0.9824006896056318
20196.0	0.9811223048677149
20197.0	0.9827488687782805
20199.0	0.9812261730644736
20200.0	0.9799914350970689
20201.0	0.9808309037900874
20202.0	0.9863415788850751
20203.0	0.9869811023267338
20205.0	0.9884906687787733
20207.0	0.9860689655172413
20208.0	0.9835163559538458
20209.0	0.9827338806426572
20213.0	0.9820764288129862
20214.0	0.9822748793059216
20215.0	0.9826830647441335
20216.0	0.9812758145938504
20217.0	0.9836251621271076
20219.0	0.9839755551408845
20220.0	0.9819240764804158
20221.0	0.9826612619789592
20222.0	0.9822031989186754
20223.0	0.984951035081195
20224.0	0.9823203047366678
20225.0	0.9833679833679834
20226.0	0.9831386515902468
20227.0	0.984003372932219
20228.0	0.9833026884659345
20229.0	0.9846885163872905
20230.0	0.9827855660003265
20231.0	0.9826793273080883
20232.0	0.9849482103054936
20234.0	0.9856003776950113
20235.0	0.9859349360560519
20238.0	0.962637741046832
20239.0	0.9738178163608324
20240.0	0.9844581695676586
20241.0	0.9874926835279259
20242.0	0.9851682379393318
20243.0	0.9901579901579901
20244.0	0.9861371993968094
20245.0	0.9867786267504629
20246.0	0.9857366454609714
20247.0	0.9880252212154931
20248.0	0.9868102995270626
20249.0	0.9869449695978744
20251.0	0.9757445589919816
20252.0	0.985044134209906
20253.0	0.9859224693031622
20254.0	0.9849507142480628
20255.0	0.9846161670099423
20256.0	0.9848912115489096
20257.0	0.9854682454251884
20258.0	0.9865874833287199
20260.0	0.9873371164354771
20263.0	0.9858187632703347
20264.0	0.9837600850909279
20265.0	0.9843478718366917
20266.0	0.9847606607342096
20267.0	0.9855999140293374
20270.0	0.9875963109969648
20271.0	0.9909273871513913
20272.0	0.988329155548368
20273.0	0.9906845402317505
20274.0	0.9876079190235189
20275.0	0.9896658394805724
20282.0	0.9809023814958533
20288.0	0.9827878787878788
20289.0	0.981569535030507
20290.0	0.9818957133238573
20291.0	0.9848749489018545
20292.0	0.9838658316526908
20293.0	0.9822509528435842
20294.0	0.9801261829652996
20297.0	0.9811637306489743
20298.0	0.9815103079084248
20299.0	0.9829552042669965
20300.0	0.9829923033602402
20302.0	0.9829097769392964
20303.0	0.9831570851759277
20304.0	0.9836931557188792
20308.0	0.9811218147917962
20309.0	0.9788688626476072
20312.0	0.9820098058139983
20315.0	0.9816492717054708
20316.0	0.9810109448118498
20317.0	0.9831949080183188
20321.0	0.983619344773791
20322.0	0.9792731956750849
20324.0	0.979575743237915
20325.0	0.9791708152455295
20326.0	0.9812314393189467
20327.0	0.9808435037849529
20330.0	0.9810599162265525
20332.0	0.9783426421976519
20333.0	0.9782597456312687
20334.0	0.9773270309578226
20335.0	0.9761499556556964
20336.0	0.9773678345920515
20339.0	0.9772671357575161
20340.0	0.9755252212861256
20341.0	0.9753343936589054
20342.0	0.9779885654885655
20344.0	0.9779256822737318
20345.0	0.9776056446046476
20346.0	0.9767411910158664
20349.0	0.9763451850770242
20350.0	0.9751151571315653
20351.0	0.9765047173509657
20352.0	0.9786302375583408
20359.0	0.9777953599959164
20360.0	0.98343204529444
20361.0	0.9834514073142044
20363.0	0.9770307963795754
20364.0	0.9771176927726448
20365.0	0.9759286518313274
20367.0	0.976076424054964
20369.0	0.9781395220942063
20370.0	0.9763167665623508
20374.0	0.9785978651504587
20375.0	0.9787770309760374
20378.0	0.9760441620664514
20379.0	0.9766092864623895
20381.0	0.9789535899676209
20382.0	0.9783809813463098
20383.0	0.9789754452027928
20384.0	0.9769133381327111
20385.0	0.9789349597662856
20386.0	0.979376683339746
20388.0	0.9796880485480716
20389.0	0.8285714285714286
20390.0	0.9791603053435115
20391.0	0.9792515940211143
20392.0	0.9797142857142858
20393.0	0.9796249549224666
20394.0	0.9781525380782117
20395.0	0.9771696267085718
20396.0	0.9796666766047524
20397.0	0.9795822438967067
20398.0	0.976500447894894
20399.0	0.9772405297197413
20400.0	0.9734398055724329
20401.0	0.9762394120577977
20403.0	0.9760021571094734
20404.0	0.9771000988281802
20407.0	0.979151467534654
20408.0	0.9779519843214111
20409.0	0.9787175387329767
20410.0	0.9743067403427466
20412.0	0.9764823415055621
20413.0	0.9783339985175894
20414.0	0.9817729302393675
20415.0	0.9748823197138016
20416.0	0.9768693056864594
20417.0	0.9773753909115478
20418.0	0.9782952422020986
20419.0	0.9769015147431406
20420.0	0.9762647754137116
20421.0	0.9758572966323236
20422.0	0.9786361674579197
20423.0	0.9789899891602372
20424.0	0.9774814720972952
20425.0	0.9743931937609476
20426.0	0.977273460954902
20427.0	0.9769733934411738
20432.0	0.977246299380873
20433.0	0.9766874160869035
20434.0	0.9778508499813873
20435.0	0.9802173307327946
20436.0	0.9785351568584691
20437.0	0.9788972089857045
20438.0	0.9773092154554212
20439.0	0.9769752555651094
20440.0	0.9805238178941817
20441.0	0.9781571342160091
20442.0	0.9756384825192165
20448.0	0.9810490563124783
20449.0	0.9812983784394599
20451.0	0.9813341245650473
20452.0	0.9818636005885775
20453.0	0.9821791980639129
20454.0	0.9829047872191601
20455.0	0.981858653311074
20456.0	0.9794734493529674
20457.0	0.9787307247192768
20458.0	0.9802968162022747
20459.0	0.9824058260561338
20460.0	0.9819515819453903
20461.0	0.9808899808899809
20464.0	0.9816540105928148
20465.0	0.9796352387703808
20466.0	0.980403950867418
20467.0	0.98125
20468.0	0.9786637931034483
20470.0	0.9801120091643861
20471.0	0.982194084479177
20472.0	0.9807878592185987
20473.0	0.9803436687591148
20474.0	0.9785154476957061
20478.0	0.9800371269455947
20479.0	0.9809646446267111
20480.0	0.9810477828958322
20481.0	0.9802218323807368
20482.0	0.9788008807090838
20483.0	0.9785682916117698
20484.0	0.9784025962836382
20485.0	0.9804787894539259
20486.0	0.9792871175975302
20488.0	0.9805942299411512
20489.0	0.9798405338158788
20490.0	0.9279876021696203
20492.0	0.9527081934777232
20493.0	0.9721446713826907
20500.0	0.940815903132721
20502.0	0.9580024495278733
20503.0	0.9720028065092909
20504.0	0.9369840872794443
20505.0	0.9794004176547624
20506.0	0.9724288736244147
20507.0	0.9485961456764377
20508.0	0.9811519268923224
20509.0	0.9758083198199689
20510.0	0.9731107263044402
20512.0	0.9687405371409937
20514.0	0.9754327744619729
20515.0	0.9754147115193973
20516.0	0.9761609515373909
20517.0	0.9750600856874151
20518.0	0.9768998421088763
20519.0	0.9703714732375494
20520.0	0.9843473399795025
20521.0	0.9833907108775745
20522.0	0.9834446342599783
20523.0	0.979515614675209
20524.0	0.9846529150197628
20525.0	0.9833465503568596
