20005 100.245
20011 100.245
20014 450.04
20015 450.07
20017 450.07
20018 450.07
20019 450.07
20021 450.07
20022 450.07
20023 450.07
20024 450.07
20026 450.07
20027 450.07
20029 450.07
20030 450.07
20031 450.07
20032 450.07
20033 450.07
20036 450.075
20038 450.075
20039 450.075
20041 450.095
20042 450.095
20043 450.095
20044 450.095
20045 450.095
20046 450.095
20047 450.095
20048 450.095
20051 450.095
20055 450.095
20056 450.095
20057 450.095
20059 450.095
20060 450.095
20062 450.095
20065 0
20072 449.995
20075 449.995
20076 449.995
20077 449.995
20078 449.995
20079 449.995
20080 449.995
20081 449.995
20082 449.995
20083 449.995
20084 449.995
20085 449.995
20086 449.995
20089 449.995
20090 449.995
20091 449.995
20093 449.995
20094 449.995
20095 449.995
20096 449.995
20097 449.995
20098 449.995
20099 449.995
20100 449.995
20101 449.995
20104 449.995
20105 449.995
20106 449.995
20107 449.995
20108 449.995
20111 449.995
20112 449.995
20113 449.995
20114 449.995
20116 449.995
20117 449.995
20118 449.995
20119 449.995
20120 449.995
20121 449.995
20122 449.995
20123 449.995
20124 449.995
20125 449.995
20126 449.995
20127 449.995
20128 449.995
20129 449.995
20131 449.995
20132 449.995
20133 449.995
20134 449.995
20135 449.99
20136 449.99
20137 449.99
20138 449.99
20139 449.99
20140 449.99
20141 449.99
20142 449.99
20143 449.99
20144 449.99
20145 449.99
20146 449.99
20148 449.99
20149 449.99
20150 449.99
20151 449.99
20152 449.99
20153 449.99
20154 449.99
20155 449.99
20156 449.99
20157 449.99
20158 449.99
20160 449.99
20161 449.99
20162 449.99
20163 449.99
20164 449.99
20165 449.99
20166 449.99
20167 449.99
20168 449.99
20169 449.99
20170 449.99
20171 449.99
20172 449.99
20173 449.99
20174 449.99
20175 449.99
20176 449.99
20177 449.99
20178 449.99
20179 449.99
20181 449.99
20182 449.99
20183 449.99
20184 449.99
20185 450.01
20186 450.01
20187 450.01
20191 450.01
20192 450.01
20193 450.01
20194 450.01
20195 450.01
20196 450.01
20197 450.01
20198 450.01
20199 450.01
20200 450.01
20201 450.01
20202 450.01
20203 450.01
20205 450.01
20207 450.01
20208 450.01
20209 450.01
20213 450.01
20214 450.01
20215 450.01
20216 450.01
20217 450.01
20219 450.01
20220 450.01
20221 450.01
20222 450.01
20223 450.01
20224 450.01
20225 450.01
20226 450.01
20227 450.01
20228 450.01
20229 450.01
20230 450.01
20231 450.01
20232 450.01
20234 450.01
20235 450.01
20236 450.01
20238 450.01
20239 450.01
20240 450.01
20241 450.01
20242 450.01
20243 450.01
20244 450.01
20245 450.01
20246 450.01
20247 450.01
20248 450.01
20249 450.01
20250 450.01
20251 450.01
20252 450.01
20253 450.01
20254 450.01
20255 450.01
20256 450.01
20257 450.01
20258 450.01
20260 450.01
20263 450.01
20264 449.99
20265 449.99
20266 449.99
20267 449.99
20269 450.075
20270 450.075
20271 450.075
20272 450.075
20273 450.075
20274 450.075
20275 450.075
20278 450.075
20279 450.075
20282 450.03
20283 450.03
20284 450.03
20285 450.03
20287 450.03
20288 450.03
20289 450.03
20290 450.03
20291 450.03
20292 450.03
20293 450.03
20294 450.065
20297 450.065
20298 450.065
20299 450.065
20300 450.065
20302 450.065
20303 450.065
20304 450.065
20305 450.065
20306 450.065
20307 450.065
20308 450.065
20309 450.065
20312 450.065
20313 450.065
20314 450.065
20315 450.065
20316 450.065
20317 450.065
20318 450.065
20320 450.065
20321 450.065
20322 450.065
20323 450.065
20324 450.065
20325 450.065
20326 450.065
20327 450.065
20328 450.065
20330 450.065
20332 450.065
20333 450.065
20334 450.065
20335 450.065
20336 450.065
20337 450.065
20339 450.065
20340 450.065
20341 450.065
20342 450.065
20343 450.065
20344 450.065
20345 450.065
20346 450.055
20348 450.04
20349 450.04
20350 450.04
20351 450.04
20352 450.04
20353 450.04
20359 450.04
20360 450.02
20361 450.02
20363 450.02
20364 450.02
20365 450.02
20366 450.02
20367 450.02
20369 450.02
20370 450.02
20374 450.02
20375 450.02
20378 450.02
20379 450.02
20380 450.02
20381 450.02
20382 450.02
20383 450.02
20384 450.02
20385 450.02
20386 450.02
20388 450.02
20389 450.02
20390 450.02
20391 450.02
20392 450.02
20393 450.02
20394 450.02
20395 450.02
20396 450.02
20397 450.02
20398 450.02
20399 450.02
20400 450.02
20401 450.02
20402 450.02
20403 450.02
20404 450.02
20406 450.02
20407 450.02
20408 450.02
20409 450.02
20410 450.02
20411 450.02
20412 450.02
20413 450.02
20414 450.02
20415 450.02
20416 450.02
20417 450.02
20418 450.02
20419 450.02
20420 450.02
20421 450.02
20422 450.02
20423 450.02
20424 450.02
20425 450.02
20426 450.02
20427 450.02
20428 450.02
20429 450.02
20432 450.02
20433 450.02
20434 450.02
20435 450.02
20436 450.02
20437 450.02
20438 450.02
20439 450.02
20440 450.02
20441 450.02
20442 450.02
20444 450.035
20446 450.035
20447 450.035
20448 450.035
20449 450.035
20451 450.035
20452 450.035
20453 450.035
20454 450.035
20455 450.035
20456 450.035
20457 450.035
20458 450.035
20459 450.035
20460 450.035
20461 450.035
20464 450.035
20465 450.035
20466 450.035
20467 450.035
20468 450.035
20469 450.035
20470 450.035
20471 450.035
20472 450.035
20473 450.035
20474 450.035
20478 450.03
20479 450.03
20480 450.03
20481 450.03
20482 450.03
20483 450.03
20484 450.03
20485 450.03
20486 450.03
20488 450.03
20489 450.03
20490 450.03
20492 450.03
20493 450.03
20494 450.03
20499 450.03
20500 450.03
20502 450.03
20503 450.03
20504 450.03
20505 450.03
20506 450.03
20507 450.03
20508 450.03
20509 450.03
20510 450.03
20512 450.03
20514 450.03
20515 450.03
20516 450.03
20517 450.03
20518 450.03
20519 450.03
20520 450.03
20521 450.03
20522 450.03
20523 450.03
20524 450.03
20525 450.03
