20005 100.065
20011 100.065
20014 489.93
20015 489.955
20017 489.955
20018 489.955
20019 490.335
20021 490.335
20022 490.335
20023 490.145
20024 490.145
20026 489.955
20027 490.12
20029 490.12
20030 490.12
20031 490.12
20032 490.085
20033 490.085
20036 490.02
20038 490.02
20039 490.145
20041 489.715
20042 489.715
20043 489.715
20044 489.715
20045 490.75
20046 490.75
20047 490.75
20048 490.09
20051 490.36
20055 490.36
20056 490.065
20057 490.065
20059 490.065
20060 490.065
20062 490.065
20065 0
20072 489.86
20075 490.015
20076 490.015
20077 490.015
20078 489.985
20079 489.985
20080 489.975
20081 489.995
20082 489.995
20083 489.995
20084 490.03
20085 490.705
20086 490.29
20089 490.715
20090 490.495
20091 490.495
20093 490.495
20094 490.495
20095 490.925
20096 490.925
20097 490.925
20098 489.965
20099 490.855
20100 490.75
20101 490.75
20104 490.75
20105 490.75
20106 490.75
20107 490.75
20108 490.12
20111 490.11
20112 489.98
20113 489.98
20114 489.98
20116 490.01
20117 490.01
20118 490.01
20119 490.01
20120 490
20121 490
20122 490.545
20123 490.545
20124 489.965
20125 489.965
20126 489.965
20127 490.78
20128 490.03
20129 490.435
20131 489.67
20132 490.56
20133 489.99
20134 489.99
20135 489.99
20136 489.99
20137 490.045
20138 490.865
20139 490.865
20140 490.865
20141 490.865
20142 490.865
20143 490.865
20144 490.865
20145 490.05
20146 490.05
20148 490.05
20149 490.055
20150 490.055
20151 490.055
20152 490.055
20153 490.055
20154 490.055
20155 490.055
20156 490.055
20157 490.055
20158 490.565
20160 490.755
20161 490.755
20162 490.145
20163 490.59
20164 490.59
20165 490.92
20166 490.92
20167 490.92
20168 490.92
20169 490.92
20170 490.745
20171 490.025
20172 490.025
20173 490.025
20174 490.025
20175 490.025
20176 490.025
20177 490.025
20178 490.025
20179 490.025
20181 490.025
20182 490.025
20183 490.955
20184 490.955
20185 489.695
20186 490.605
20187 490.19
20191 490.19
20192 490.19
20193 490.19
20194 490.19
20195 490.19
20196 490.19
20197 490.19
20198 490.19
20199 490.19
20200 490.19
20201 490.19
20202 490.19
20203 490.19
20205 490.19
20207 490.19
20208 490.19
20209 490.19
20213 490.03
20214 490.03
20215 489.995
20216 490.02
20217 490.005
20219 489.985
20220 490.945
20221 490.01
20222 489.435
20223 489.435
20224 490.005
20225 490.49
20226 490.49
20227 490.84
20228 490.53
20229 490.53
20230 490.205
20231 490.6
20232 489.99
20234 490.845
20235 490.265
20236 490.27
20238 490.27
20239 490.27
20240 490.675
20241 490.675
20242 490.57
20243 490.57
20244 490.57
20245 490.57
20246 490.89
20247 490.66
20248 490.66
20249 490.66
20250 490.66
20251 490.66
20252 490.66
20253 490.77
20254 490.77
20255 490.15
20256 490.15
20257 490.15
20258 489.985
20260 489.98
20263 489.98
20264 490.005
20265 489.995
20266 489.995
20267 489.995
20269 489.995
20270 489.995
20271 489.995
20272 489.995
20273 490.945
20274 490
20275 490
20278 490
20279 490
20282 489.985
20283 489.985
20284 489.985
20285 489.985
20287 489.985
20288 489.985
20289 490.955
20290 490.005
20291 489.995
20292 489.995
20293 489.995
20294 490
20297 490
20298 490.84
20299 490.36
20300 490.005
20302 490.01
20303 490.58
20304 490.58
20305 490.09
20306 490.09
20307 490.09
20308 490.09
20309 490.09
20312 490.135
20313 490.235
20314 490.235
20315 490.235
20316 490.235
20317 490.735
20318 490.735
20320 490.735
20321 490.735
20322 490.415
20323 490.225
20324 490.75
20325 490.07
20326 490.02
20327 490.02
20328 489.98
20330 489.98
20332 490.875
20333 490.875
20334 490.875
20335 490.875
20336 490.875
20337 490.875
20339 490.875
20340 490.875
20341 490.875
20342 490.875
20343 490.875
20344 490.875
20345 490.875
20346 489.94
20348 489.975
20349 489.975
20350 490.025
20351 490.025
20352 490.025
20353 490.91
20359 490.91
20360 489.955
20361 490
20363 490.075
20364 490.075
20365 490.075
20366 490.075
20367 490.075
20369 490.63
20370 490.065
20374 490.395
20375 490.45
20378 490.45
20379 490.085
20380 490.085
20381 490.085
20382 490.745
20383 490.745
20384 490.745
20385 490.01
20386 490.01
20388 490.5
20389 490.615
20390 490.615
20391 490.055
20392 490.055
20393 490.055
20394 489.97
20395 490.38
20396 490.38
20397 490.38
20398 490.22
20399 490.065
20400 490.065
20401 490.065
20402 490.065
20403 490.065
20404 490.865
20406 490.02
20407 490.02
20408 490.905
20409 490.905
20410 490.01
20411 490.01
20412 490.01
20413 490.47
20414 490.47
20415 490.865
20416 490.87
20417 490.87
20418 490.06
20419 490.06
20420 490.92
20421 490.75
20422 490.75
20423 490.02
20424 489.995
20425 489.995
20426 489.995
20427 489.995
20428 489.995
20429 489.995
20432 490.085
20433 490.085
20434 490.085
20435 490.085
20436 490.085
20437 490.855
20438 490.855
20439 490.855
20440 490.855
20441 490.855
20442 490.855
20444 489.975
20446 489.975
20447 489.975
20448 489.975
20449 489.975
20451 489.975
20452 489.975
20453 490.415
20454 490.415
20455 490.415
20456 490.415
20457 490.75
20458 490.75
20459 490.03
20460 490.35
20461 490.83
20464 490.05
20465 490.05
20466 490.05
20467 490
20468 490
20469 490
20470 490
20471 490
20472 490
20473 490
20474 490.335
20478 490.035
20479 490.035
20480 490.03
20481 490.03
20482 490.03
20483 490.085
20484 490.085
20485 490.085
20486 490.085
20488 489.84
20489 490.12
20490 490.12
20492 490.055
20493 490.055
20494 490.055
20499 490.055
20500 490.055
20502 490.055
20503 490.56
20504 489.985
20505 489.985
20506 490.685
20507 490.685
20508 490.685
20509 490.685
20510 490.685
20512 490.685
20514 490.685
20515 490.685
20516 490.685
20517 490.685
20518 490.685
20519 490.82
20520 490.82
20521 490
20522 489.995
20523 489.995
20524 490.215
20525 490.215
