20005 100.005
20011 100.005
20014 449.865
20015 449.885
20017 449.885
20018 449.885
20019 449.885
20021 449.885
20022 449.885
20023 449.885
20024 449.885
20026 449.885
20027 449.885
20029 449.885
20030 449.885
20031 449.885
20032 449.885
20033 449.885
20036 449.865
20038 449.865
20039 449.865
20041 449.71
20042 449.71
20043 449.71
20044 449.71
20045 449.71
20046 449.71
20047 449.71
20048 449.71
20051 449.71
20055 449.71
20056 449.71
20057 449.71
20059 449.71
20060 449.71
20062 449.71
20065 0
20072 449.895
20075 449.895
20076 449.895
20077 449.895
20078 449.895
20079 449.895
20080 449.895
20081 449.895
20082 449.895
20083 449.895
20084 449.895
20085 449.895
20086 449.895
20089 449.895
20090 449.895
20091 449.895
20093 449.895
20094 449.895
20095 449.895
20096 449.895
20097 449.895
20098 449.895
20099 449.895
20100 449.895
20101 449.895
20104 449.895
20105 449.895
20106 449.895
20107 449.895
20108 449.895
20111 449.895
20112 449.895
20113 449.895
20114 449.895
20116 449.895
20117 449.895
20118 449.895
20119 449.895
20120 449.895
20121 449.895
20122 449.895
20123 449.895
20124 449.895
20125 449.895
20126 449.895
20127 449.895
20128 449.895
20129 449.895
20131 449.905
20132 449.905
20133 449.905
20134 449.905
20135 449.89
20136 449.89
20137 449.89
20138 449.89
20139 449.89
20140 449.89
20141 449.89
20142 449.89
20143 449.89
20144 449.89
20145 449.89
20146 449.89
20148 449.89
20149 449.89
20150 449.89
20151 449.89
20152 449.89
20153 449.89
20154 449.89
20155 449.89
20156 449.89
20157 449.89
20158 449.89
20160 449.89
20161 449.89
20162 449.89
20163 449.89
20164 449.89
20165 449.89
20166 449.89
20167 449.89
20168 449.89
20169 449.89
20170 449.89
20171 449.89
20172 449.89
20173 449.89
20174 449.89
20175 449.89
20176 449.89
20177 449.89
20178 449.89
20179 449.89
20181 449.89
20182 449.89
20183 449.89
20184 449.89
20185 449.9
20186 449.9
20187 449.9
20191 449.9
20192 449.9
20193 449.9
20194 449.9
20195 449.9
20196 449.9
20197 449.9
20198 449.9
20199 449.9
20200 449.9
20201 449.9
20202 449.9
20203 449.9
20205 449.9
20207 449.9
20208 449.9
20209 449.9
20213 449.9
20214 449.9
20215 449.9
20216 449.9
20217 449.9
20219 449.9
20220 449.9
20221 449.9
20222 449.9
20223 449.9
20224 449.9
20225 449.9
20226 449.9
20227 449.9
20228 449.9
20229 449.9
20230 449.9
20231 449.9
20232 449.9
20234 449.9
20235 449.9
20236 449.9
20238 449.9
20239 449.9
20240 449.9
20241 449.9
20242 449.9
20243 449.9
20244 449.9
20245 449.9
20246 449.9
20247 449.9
20248 449.9
20249 449.9
20250 449.9
20251 449.9
20252 449.9
20253 449.9
20254 449.9
20255 449.9
20256 449.9
20257 449.9
20258 449.9
20260 449.9
20263 449.9
20264 449.695
20265 449.695
20266 449.695
20267 449.695
20269 449.895
20270 449.895
20271 449.895
20272 449.895
20273 449.895
20274 449.895
20275 449.895
20278 449.895
20279 449.895
20282 449.91
20283 449.91
20284 449.91
20285 449.91
20287 449.91
20288 449.91
20289 449.91
20290 449.91
20291 449.91
20292 449.91
20293 449.91
20294 449.89
20297 449.89
20298 449.89
20299 449.89
20300 449.89
20302 449.89
20303 449.89
20304 449.89
20305 449.89
20306 449.89
20307 449.89
20308 449.89
20309 449.89
20312 449.89
20313 449.89
20314 449.89
20315 449.89
20316 449.89
20317 449.89
20318 449.89
20320 449.89
20321 449.89
20322 449.89
20323 449.89
20324 449.89
20325 449.89
20326 449.89
20327 449.89
20328 449.89
20330 449.89
20332 449.89
20333 449.89
20334 449.89
20335 449.89
20336 449.89
20337 449.89
20339 449.89
20340 449.89
20341 449.89
20342 449.89
20343 449.89
20344 449.89
20345 449.89
20346 449.725
20348 449.855
20349 449.855
20350 449.855
20351 449.855
20352 449.855
20353 449.855
20359 449.855
20360 449.905
20361 449.905
20363 449.905
20364 449.905
20365 449.905
20366 449.905
20367 449.905
20369 449.905
20370 449.905
20374 449.905
20375 449.905
20378 449.905
20379 449.905
20380 449.905
20381 449.905
20382 449.905
20383 449.905
20384 449.905
20385 449.905
20386 449.905
20388 449.905
20389 449.905
20390 449.905
20391 449.905
20392 449.905
20393 449.905
20394 449.905
20395 449.905
20396 449.905
20397 449.905
20398 449.905
20399 449.905
20400 449.905
20401 449.905
20402 449.905
20403 449.905
20404 449.905
20406 449.905
20407 449.905
20408 449.905
20409 449.905
20410 449.905
20411 449.905
20412 449.905
20413 449.905
20414 449.905
20415 449.905
20416 449.905
20417 449.905
20418 449.905
20419 449.905
20420 449.905
20421 449.905
20422 449.905
20423 449.905
20424 449.905
20425 449.905
20426 449.905
20427 449.905
20428 449.905
20429 449.905
20432 449.905
20433 449.905
20434 449.905
20435 449.905
20436 449.905
20437 449.905
20438 449.905
20439 449.905
20440 449.905
20441 449.905
20442 449.905
20444 449.88
20446 449.88
20447 449.88
20448 449.88
20449 449.88
20451 449.88
20452 449.88
20453 449.88
20454 449.88
20455 449.88
20456 449.88
20457 449.88
20458 449.88
20459 449.88
20460 449.88
20461 449.88
20464 449.88
20465 449.88
20466 449.88
20467 449.88
20468 449.88
20469 449.88
20470 449.88
20471 449.88
20472 449.88
20473 449.88
20474 449.88
20478 449.89
20479 449.89
20480 449.89
20481 449.89
20482 449.89
20483 449.89
20484 449.89
20485 449.89
20486 449.89
20488 449.78
20489 449.78
20490 449.78
20492 449.78
20493 449.78
20494 449.78
20499 449.78
20500 449.78
20502 449.78
20503 449.78
20504 449.78
20505 449.78
20506 449.78
20507 449.78
20508 449.78
20509 449.78
20510 449.78
20512 449.78
20514 449.78
20515 449.78
20516 449.78
20517 449.78
20518 449.78
20519 449.78
20520 449.78
20521 449.78
20522 449.78
20523 449.78
20524 449.78
20525 449.78
