20005 99.805
20011 99.805
20014 449.795
20015 449.805
20017 449.805
20018 449.805
20019 449.805
20021 449.805
20022 449.805
20023 449.805
20024 449.805
20026 449.805
20027 449.805
20029 449.805
20030 449.805
20031 449.805
20032 449.805
20033 449.805
20036 449.78
20038 449.78
20039 449.78
20041 449.785
20042 449.785
20043 449.785
20044 449.785
20045 449.785
20046 449.785
20047 449.785
20048 449.785
20051 449.785
20055 449.785
20056 449.785
20057 449.785
20059 449.785
20060 449.785
20062 449.785
20065 0
20072 449.78
20075 449.78
20076 449.78
20077 449.78
20078 449.78
20079 449.78
20080 449.78
20081 449.78
20082 449.78
20083 449.78
20084 449.78
20085 449.78
20086 449.78
20089 449.78
20090 449.78
20091 449.78
20093 449.78
20094 449.78
20095 449.78
20096 449.78
20097 449.78
20098 449.78
20099 449.78
20100 449.78
20101 449.78
20104 449.78
20105 449.78
20106 449.78
20107 449.78
20108 449.78
20111 449.78
20112 449.78
20113 449.78
20114 449.78
20116 449.78
20117 449.78
20118 449.78
20119 449.78
20120 449.78
20121 449.78
20122 449.78
20123 449.78
20124 449.78
20125 449.78
20126 449.78
20127 449.78
20128 449.78
20129 449.78
20131 449.825
20132 449.825
20133 449.825
20134 449.825
20135 449.795
20136 449.795
20137 449.795
20138 449.795
20139 449.795
20140 449.795
20141 449.795
20142 449.795
20143 449.795
20144 449.795
20145 449.795
20146 449.795
20148 449.795
20149 449.795
20150 449.795
20151 449.795
20152 449.795
20153 449.795
20154 449.795
20155 449.795
20156 449.795
20157 449.795
20158 449.795
20160 449.795
20161 449.795
20162 449.795
20163 449.795
20164 449.795
20165 449.795
20166 449.795
20167 449.795
20168 449.795
20169 449.795
20170 449.795
20171 449.795
20172 449.795
20173 449.795
20174 449.795
20175 449.795
20176 449.795
20177 449.795
20178 449.795
20179 449.795
20181 449.795
20182 449.795
20183 449.795
20184 449.795
20185 449.785
20186 449.785
20187 449.785
20191 449.785
20192 449.785
20193 449.785
20194 449.785
20195 449.785
20196 449.785
20197 449.785
20198 449.785
20199 449.785
20200 449.785
20201 449.785
20202 449.785
20203 449.785
20205 449.785
20207 449.785
20208 449.785
20209 449.785
20213 449.785
20214 449.785
20215 449.785
20216 449.785
20217 449.785
20219 449.785
20220 449.785
20221 449.785
20222 449.785
20223 449.785
20224 449.785
20225 449.785
20226 449.785
20227 449.785
20228 449.785
20229 449.785
20230 449.785
20231 449.785
20232 449.785
20234 449.785
20235 449.785
20236 449.785
20238 449.785
20239 449.785
20240 449.785
20241 449.785
20242 449.785
20243 449.785
20244 449.785
20245 449.785
20246 449.785
20247 449.785
20248 449.785
20249 449.785
20250 449.785
20251 449.785
20252 449.785
20253 449.785
20254 449.785
20255 449.785
20256 449.785
20257 449.785
20258 449.785
20260 449.785
20263 449.785
20264 449.77
20265 449.77
20266 449.77
20267 449.77
20269 449.79
20270 449.79
20271 449.79
20272 449.79
20273 449.79
20274 449.79
20275 449.79
20278 449.79
20279 449.79
20282 449.79
20283 449.79
20284 449.79
20285 449.79
20287 449.79
20288 449.79
20289 449.79
20290 449.79
20291 449.79
20292 449.79
20293 449.79
20294 449.79
20297 449.79
20298 449.79
20299 449.79
20300 449.79
20302 449.79
20303 449.79
20304 449.79
20305 449.79
20306 449.79
20307 449.79
20308 449.79
20309 449.79
20312 449.79
20313 449.79
20314 449.79
20315 449.79
20316 449.79
20317 449.79
20318 449.79
20320 449.79
20321 449.79
20322 449.79
20323 449.79
20324 449.79
20325 449.79
20326 449.79
20327 449.79
20328 449.79
20330 449.79
20332 449.79
20333 449.79
20334 449.79
20335 449.79
20336 449.79
20337 449.79
20339 449.79
20340 449.79
20341 449.79
20342 449.79
20343 449.79
20344 449.79
20345 449.79
20346 449.755
20348 449.785
20349 449.785
20350 449.785
20351 449.785
20352 449.785
20353 449.785
20359 449.785
20360 449.795
20361 449.795
20363 449.795
20364 449.795
20365 449.795
20366 449.795
20367 449.795
20369 449.795
20370 449.795
20374 449.795
20375 449.795
20378 449.795
20379 449.795
20380 449.795
20381 449.795
20382 449.795
20383 449.795
20384 449.795
20385 449.795
20386 449.795
20388 449.795
20389 449.795
20390 449.795
20391 449.795
20392 449.795
20393 449.795
20394 449.795
20395 449.795
20396 449.795
20397 449.795
20398 449.795
20399 449.795
20400 449.795
20401 449.795
20402 449.795
20403 449.795
20404 449.795
20406 449.795
20407 449.795
20408 449.795
20409 449.795
20410 449.795
20411 449.795
20412 449.795
20413 449.795
20414 449.795
20415 449.795
20416 449.795
20417 449.795
20418 449.795
20419 449.795
20420 449.795
20421 449.795
20422 449.795
20423 449.795
20424 449.795
20425 449.795
20426 449.795
20427 449.795
20428 449.795
20429 449.795
20432 449.795
20433 449.795
20434 449.795
20435 449.795
20436 449.795
20437 449.795
20438 449.795
20439 449.795
20440 449.795
20441 449.795
20442 449.795
20444 449.785
20446 449.785
20447 449.785
20448 449.785
20449 449.785
20451 449.785
20452 449.785
20453 449.785
20454 449.785
20455 449.785
20456 449.785
20457 449.785
20458 449.785
20459 449.785
20460 449.785
20461 449.785
20464 449.785
20465 449.785
20466 449.785
20467 449.785
20468 449.785
20469 449.785
20470 449.785
20471 449.785
20472 449.785
20473 449.785
20474 449.785
20478 449.8
20479 449.8
20480 449.8
20481 449.8
20482 449.8
20483 449.8
20484 449.8
20485 449.8
20486 449.8
20488 449.78
20489 449.78
20490 449.78
20492 449.78
20493 449.78
20494 449.78
20499 449.78
20500 449.78
20502 449.78
20503 449.78
20504 449.78
20505 449.78
20506 449.78
20507 449.78
20508 449.78
20509 449.78
20510 449.78
20512 449.78
20514 449.78
20515 449.78
20516 449.78
20517 449.78
20518 449.78
20519 449.78
20520 449.78
20521 449.78
20522 449.78
20523 449.78
20524 449.78
20525 449.78
