20005 200.045
20011 200.045
20014 0.955
20015 0.955
20017 0.955
20018 0.955
20019 175.19
20021 0.475
20022 0.475
20023 0.475
20024 0.475
20026 0.475
20027 0.475
20029 0.475
20030 0.475
20031 0.475
20032 0.475
20033 0.475
20036 0.475
20038 0.475
20039 0.475
20041 0.475
20042 0.475
20043 0.475
20044 0.475
20045 0.475
20046 0.475
20047 0.475
20048 0.475
20051 0.475
20055 0.475
20056 0.475
20057 0.475
20059 0.475
20060 0.475
20062 0.475
20065 0
20072 0.475
20075 0.475
20076 0.475
20077 0.475
20078 0.475
20079 0.475
20080 0.475
20081 0.475
20082 0.475
20083 0.475
20084 0.475
20085 0.475
20086 0.475
20089 0.475
20090 0.475
20091 0.475
20093 0.475
20094 0.475
20095 0.475
20096 0.475
20097 0.475
20098 0.475
20099 0.475
20100 0.475
20101 0.475
20104 0.475
20105 0.475
20106 0.475
20107 0.475
20108 0.475
20111 0.475
20112 0.475
20113 0.475
20114 0.475
20116 0.475
20117 0.475
20118 0.475
20119 0.475
20120 0.475
20121 0.475
20122 0.475
20123 0.475
20124 0.475
20125 0.475
20126 0.475
20127 0.475
20128 0.475
20129 0.475
20131 0.475
20132 0.475
20133 0.475
20134 0.475
20135 0.475
20136 0.475
20137 0.475
20138 0.475
20139 0.475
20140 0.475
20141 0.475
20142 0.475
20143 0.475
20144 0.475
20145 0.475
20146 0.475
20148 0.475
20149 0.475
20150 0.475
20151 0.475
20152 0.475
20153 0.475
20154 0.475
20155 0.475
20156 0.475
20157 0.475
20158 0.475
20160 0.475
20161 0.475
20162 0.475
20163 0.475
20164 0.475
20165 0.475
20166 0.475
20167 0.475
20168 0.475
20169 0.475
20170 0.475
20171 0.475
20172 0.475
20173 0.475
20174 0.475
20175 0.475
20176 0.475
20177 0.475
20178 0.475
20179 0.475
20181 0.475
20182 0.475
20183 0.475
20184 0.475
20185 0.475
20186 0.475
20187 0.475
20191 0.475
20192 0.475
20193 0.475
20194 0.475
20195 0.475
20196 0.475
20197 0.475
20198 0.475
20199 0.475
20200 0.475
20201 0.475
20202 0.475
20203 0.475
20205 0.475
20207 0.475
20208 0.475
20209 0.475
20213 0.475
20214 0.475
20215 0.475
20216 0.475
20217 0.475
20219 0.475
20220 0.475
20221 0.475
20222 0.475
20223 0.475
20224 0.475
20225 0.475
20226 0.475
20227 0.475
20228 0.475
20229 0.475
20230 0.475
20231 0.475
20232 0.475
20234 0.475
20235 0.475
20236 0.475
20238 0.475
20239 0.475
20240 0.475
20241 0.475
20242 0.475
20243 0.475
20244 0.475
20245 0.475
20246 0.475
20247 0.475
20248 0.475
20249 0.475
20250 0.475
20251 0.475
20252 0.475
20253 0.475
20254 0.475
20255 0.475
20256 0.475
20257 0.475
20258 0.475
20260 0.475
20263 0.475
20264 0.475
20265 0.475
20266 0.475
20267 0.475
20269 0
20270 0
20271 0
20272 0
20273 0
20274 0
20275 0
20278 0
20279 0
20282 0
20283 0
20284 0
20285 0
20287 0
20288 0
20289 0
20290 0
20291 0
20292 0
20293 0
20294 0
20297 0
20298 0
20299 0
20300 0
20302 0
20303 0
20304 0
20305 0
20306 0
20307 0
20308 0
20309 0
20312 0
20313 0
20314 0
20315 0
20316 0
20317 0
20318 0
20320 0
20321 0
20322 0
20323 0
20324 0
20325 0
20326 0
20327 0
20328 0
20330 0
20332 0
20333 0
20334 0
20335 0
20336 0
20337 0
20339 0
20340 0
20341 0
20342 0
20343 0
20344 0
20345 0
20346 0
20348 0
20349 0
20350 0
20351 0
20352 0
20353 0
20359 0
20360 0
20361 0
20363 0
20364 0
20365 0
20366 0
20367 0
20369 0
20370 0
20374 0
20375 0
20378 0
20379 0
20380 0
20381 0
20382 0
20383 0
20384 0
20385 0
20386 0
20388 0
20389 0
20390 0
20391 0
20392 0
20393 0
20394 0
20395 0
20396 0
20397 0
20398 0
20399 0
20400 0
20401 0
20402 0
20403 0
20404 0
20406 0
20407 0
20408 0
20409 0
20410 0
20411 0
20412 0
20413 0
20414 0
20415 0
20416 0
20417 0
20418 0
20419 0
20420 0
20421 0
20422 0
20423 0
20424 0
20425 0
20426 0
20427 0
20428 0
20429 0
20432 0
20433 0
20434 0
20435 0
20436 0
20437 0
20438 0
20439 0
20440 0
20441 0
20442 0
20444 0
20446 0
20447 0
20448 0
20449 0
20451 0
20452 0
20453 0
20454 0
20455 0
20456 0
20457 0
20458 0
20459 0
20460 0
20461 0
20464 0
20465 0
20466 0
20467 0
20468 0
20469 0
20470 0
20471 0
20472 0
20473 0
20474 0
20478 0
20479 0
20480 0
20481 0
20482 0
20483 0
20484 0
20485 0
20486 0
20488 0
20489 0
20490 0
20492 0
20493 0
20494 0
20499 0
20500 0
20502 0
20503 0
20504 0
20505 0
20506 0
20507 0
20508 0
20509 0
20510 0
20512 0
20514 0
20515 0
20516 0
20517 0
20518 0
20519 0
20520 0
20521 0
20522 0
20523 0
20524 0
20525 0
