20005 100.02
20011 100.02
20014 449.945
20015 449.945
20017 449.945
20018 449.945
20019 450.035
20021 450.025
20022 450.025
20023 450.025
20024 450.025
20026 449.955
20027 449.955
20029 449.955
20030 449.955
20031 449.955
20032 449.955
20033 449.955
20036 449.98
20038 449.98
20039 450.16
20041 449.97
20042 449.97
20043 449.97
20044 449.965
20045 449.965
20046 450.765
20047 450.765
20048 450.765
20051 450.765
20055 450.765
20056 450.765
20057 450.765
20059 450.765
20060 450.765
20062 450.765
20065 0
20072 449.945
20075 449.945
20076 449.945
20077 449.945
20078 449.945
20079 449.945
20080 449.945
20081 449.945
20082 449.945
20083 449.315
20084 449.315
20085 449.315
20086 449.315
20089 450.445
20090 450.445
20091 449.505
20093 449.505
20094 449.505
20095 449.505
20096 449.505
20097 449.505
20098 449.505
20099 449.505
20100 449.935
20101 449.935
20104 449.935
20105 449.935
20106 449.945
20107 449.945
20108 449.945
20111 449.595
20112 449.595
20113 449.945
20114 449.945
20116 449.945
20117 449.945
20118 449.945
20119 449.945
20120 449.945
20121 449.945
20122 449.945
20123 449.945
20124 449.945
20125 449.945
20126 449.945
20127 449.945
20128 449.945
20129 449.945
20131 449.935
20132 449.935
20133 449.935
20134 450.88
20135 449.95
20136 449.95
20137 449.95
20138 450.87
20139 450.87
20140 450.87
20141 450.87
20142 450.87
20143 450.87
20144 450.87
20145 450.87
20146 449.205
20148 449.205
20149 449.205
20150 449.205
20151 449.87
20152 449.87
20153 450.63
20154 450.63
20155 450.63
20156 450.63
20157 450.63
20158 450.63
20160 450.63
20161 450.63
20162 450.63
20163 449.66
20164 449.66
20165 449.66
20166 450.845
20167 450.845
20168 450.845
20169 450.845
20170 450.845
20171 450.845
20172 450.845
20173 450.845
20174 450.845
20175 449.935
20176 449.935
20177 449.935
20178 449.935
20179 449.935
20181 449.935
20182 449.935
20183 449.935
20184 450.76
20185 449.71
20186 450.88
20187 450.88
20191 450.88
20192 450.445
20193 450.445
20194 450.765
20195 449.91
20196 449.91
20197 449.91
20198 449.92
20199 449.92
20200 449.92
20201 449.92
20202 449.92
20203 449.92
20205 449.92
20207 449.92
20208 449.92
20209 450.87
20213 450.87
20214 450.87
20215 450.87
20216 450.845
20217 450.845
20219 450.845
20220 450.845
20221 450.205
20222 450.205
20223 450.205
20224 449.92
20225 449.92
20226 449.92
20227 449.92
20228 449.92
20229 449.915
20230 449.915
20231 449.915
20232 449.915
20234 449.915
20235 449.705
20236 449.92
20238 449.92
20239 449.92
20240 449.92
20241 449.92
20242 449.92
20243 449.92
20244 449.92
20245 449.92
20246 449.92
20247 449.92
20248 449.92
20249 449.79
20250 449.79
20251 449.79
20252 449.79
20253 449.925
20254 449.925
20255 449.925
20256 449.925
20257 449.925
20258 449.925
20260 449.1
20263 449.1
20264 449.935
20265 449.935
20266 449.935
20267 449.935
20269 449.94
20270 449.94
20271 449.94
20272 449.94
20273 449.94
20274 449.325
20275 449.925
20278 449.925
20279 449.925
20282 449.08
20283 449.08
20284 449.08
20285 449.08
20287 449.08
20288 449.08
20289 449.585
20290 449.585
20291 449.585
20292 449.515
20293 448.965
20294 449.65
20297 449.65
20298 449.65
20299 449.92
20300 449.92
20302 449.92
20303 449.92
20304 449.92
20305 449.92
20306 449.92
20307 449.92
20308 449.92
20309 449.92
20312 449.92
20313 449.92
20314 449.92
20315 449.92
20316 449.92
20317 450.565
20318 450.565
20320 450.565
20321 450.565
20322 450.565
20323 450.565
20324 450.565
20325 450.565
20326 450.565
20327 450.565
20328 450.565
20330 450.565
20332 450.565
20333 450.565
20334 449.93
20335 449.935
20336 449.935
20337 449.935
20339 450.855
20340 450.855
20341 450.855
20342 450.855
20343 450.855
20344 450.855
20345 450.855
20346 449.91
20348 449.92
20349 449.92
20350 449.92
20351 449.92
20352 449.92
20353 449.92
20359 449.92
20360 449.935
20361 449.935
20363 449.935
20364 449.935
20365 449.935
20366 449.935
20367 450.6
20369 450.6
20370 450.6
20374 450.6
20375 450.6
20378 450.6
20379 450.6
20380 450.6
20381 450.6
20382 450.6
20383 450.6
20384 450.6
20385 450.6
20386 450.6
20388 450.6
20389 450.6
20390 450.6
20391 450.865
20392 450.865
20393 450.865
20394 450.865
20395 450.865
20396 450.865
20397 450.865
20398 450.865
20399 450.865
20400 450.865
20401 450.865
20402 450.865
20403 450.865
20404 450.865
20406 450.865
20407 450.865
20408 450.865
20409 450.455
20410 450.455
20411 450.455
20412 450.455
20413 450.455
20414 450.455
20415 450.5
20416 450.5
20417 450.5
20418 450.5
20419 450.5
20420 450.715
20421 450.715
20422 450.715
20423 450.715
20424 450.715
20425 450.715
20426 448.955
20427 448.955
20428 448.955
20429 448.955
20432 448.955
20433 448.955
20434 448.955
20435 448.955
20436 448.955
20437 450.09
20438 450.09
20439 450.09
20440 450.09
20441 450.09
20442 450.09
20444 449.93
20446 449.93
20447 449.93
20448 449.93
20449 449.93
20451 430.005
20452 430.005
20453 430.005
20454 430.005
20455 430.005
20456 430.005
20457 429.935
20458 429.935
20459 429.935
20460 429.935
20461 429.935
20464 429.935
20465 429.935
20466 429.935
20467 429.935
20468 429.935
20469 429.935
20470 429.935
20471 429.935
20472 429.935
20473 429.935
20474 429.935
20478 449.94
20479 449.94
20480 449.205
20481 449.71
20482 449.71
20483 449.925
20484 449.415
20485 449.415
20486 449.415
20488 449.935
20489 449.935
20490 449.935
20492 449.935
20493 450.675
20494 450.675
20499 450.675
20500 450.675
20502 450.675
20503 450.675
20504 450.725
20505 450.725
20506 450.725
20507 450.725
20508 450.725
20509 450.725
20510 450.725
20512 450.725
20514 450.725
20515 450.725
20516 450.725
20517 450.725
20518 450.725
20519 449.925
20520 449.925
20521 449.925
20522 449.925
20523 449.925
20524 449.925
20525 449.925
