20005 99.91
20011 99.91
20014 459.905
20015 459.905
20017 459.905
20018 459.905
20019 459.905
20021 459.905
20022 459.905
20023 459.905
20024 459.905
20026 419.975
20027 419.975
20029 419.975
20030 419.975
20031 449.95
20032 449.95
20033 449.95
20036 449.165
20038 449.165
20039 449.165
20041 449.89
20042 449.89
20043 449.89
20044 449.89
20045 449.89
20046 449.89
20047 449.89
20048 449.89
20051 449.89
20055 449.89
20056 449.89
20057 449.89
20059 449.89
20060 449.89
20062 449.89
20065 0
20072 449.87
20075 449.87
20076 449.87
20077 449.87
20078 449.87
20079 449.87
20080 449.87
20081 449.87
20082 449.87
20083 449.87
20084 449.87
20085 449.87
20086 449.87
20089 449.87
20090 449.87
20091 449.87
20093 449.87
20094 449.87
20095 449.87
20096 449.87
20097 449.87
20098 449.87
20099 449.87
20100 449.87
20101 449.87
20104 449.87
20105 449.87
20106 449.87
20107 449.87
20108 449.87
20111 449.87
20112 449.87
20113 449.87
20114 449.87
20116 449.87
20117 449.87
20118 449.87
20119 449.87
20120 449.87
20121 449.87
20122 449.87
20123 449.87
20124 449.87
20125 449.87
20126 449.87
20127 449.87
20128 449.87
20129 449.87
20131 449.88
20132 449.88
20133 449.88
20134 449.88
20135 449.885
20136 449.885
20137 449.885
20138 449.885
20139 449.885
20140 449.885
20141 449.885
20142 449.885
20143 449.885
20144 449.885
20145 449.885
20146 449.885
20148 449.885
20149 449.885
20150 449.885
20151 449.885
20152 449.885
20153 449.885
20154 449.885
20155 449.885
20156 449.885
20157 449.885
20158 449.885
20160 449.885
20161 449.885
20162 449.885
20163 449.885
20164 449.885
20165 449.885
20166 449.885
20167 449.885
20168 449.885
20169 449.885
20170 449.885
20171 449.885
20172 449.885
20173 449.885
20174 449.885
20175 449.885
20176 449.885
20177 449.885
20178 449.885
20179 449.885
20181 449.885
20182 449.885
20183 449.885
20184 449.885
20185 449.745
20186 449.745
20187 449.745
20191 449.745
20192 449.745
20193 449.745
20194 449.745
20195 449.745
20196 449.745
20197 449.745
20198 449.745
20199 449.745
20200 449.745
20201 449.745
20202 449.745
20203 449.745
20205 449.745
20207 449.745
20208 449.745
20209 449.745
20213 449.745
20214 449.745
20215 449.745
20216 449.745
20217 449.745
20219 449.745
20220 449.745
20221 449.745
20222 449.745
20223 449.745
20224 449.745
20225 449.745
20226 449.745
20227 449.745
20228 449.745
20229 449.745
20230 449.745
20231 449.745
20232 449.745
20234 449.745
20235 449.745
20236 449.745
20238 449.745
20239 449.745
20240 449.745
20241 449.745
20242 449.745
20243 449.745
20244 449.745
20245 449.745
20246 449.745
20247 449.745
20248 449.745
20249 449.745
20250 449.745
20251 449.745
20252 449.745
20253 449.745
20254 449.745
20255 449.745
20256 449.745
20257 449.745
20258 449.745
20260 449.745
20263 449.745
20264 449.87
20265 449.87
20266 449.87
20267 449.87
20269 449.925
20270 449.925
20271 449.925
20272 449.925
20273 449.925
20274 449.925
20275 449.925
20278 449.925
20279 449.925
20282 449.265
20283 449.265
20284 449.265
20285 449.265
20287 449.265
20288 449.265
20289 449.265
20290 449.265
20291 449.265
20292 449.265
20293 449.265
20294 449.76
20297 449.76
20298 449.76
20299 449.76
20300 449.76
20302 449.76
20303 449.76
20304 449.76
20305 449.76
20306 449.76
20307 449.76
20308 449.76
20309 449.76
20312 449.76
20313 449.76
20314 449.76
20315 449.76
20316 449.76
20317 449.76
20318 449.76
20320 449.76
20321 449.76
20322 449.76
20323 449.76
20324 449.76
20325 449.76
20326 449.76
20327 449.76
20328 449.76
20330 449.76
20332 449.76
20333 449.76
20334 449.76
20335 449.76
20336 449.76
20337 449.76
20339 449.76
20340 449.76
20341 449.76
20342 449.76
20343 449.76
20344 449.76
20345 449.76
20346 449.895
20348 449.885
20349 449.885
20350 449.885
20351 449.885
20352 449.885
20353 449.885
20359 449.885
20360 449.88
20361 449.88
20363 449.88
20364 449.88
20365 449.88
20366 449.88
20367 449.88
20369 449.88
20370 449.88
20374 449.88
20375 449.88
20378 449.88
20379 449.88
20380 449.88
20381 449.88
20382 449.88
20383 449.88
20384 449.88
20385 449.88
20386 449.88
20388 449.88
20389 449.88
20390 449.88
20391 449.88
20392 449.88
20393 449.88
20394 449.88
20395 449.88
20396 449.88
20397 449.88
20398 449.88
20399 449.88
20400 449.88
20401 449.88
20402 449.88
20403 449.88
20404 449.88
20406 449.88
20407 449.88
20408 449.88
20409 449.88
20410 449.88
20411 449.88
20412 449.88
20413 449.88
20414 449.88
20415 449.88
20416 449.88
20417 449.88
20418 449.88
20419 449.88
20420 449.88
20421 449.88
20422 449.88
20423 449.88
20424 449.88
20425 449.88
20426 449.88
20427 449.88
20428 449.88
20429 449.88
20432 449.88
20433 449.88
20434 449.88
20435 449.88
20436 449.88
20437 449.88
20438 449.88
20439 449.88
20440 449.88
20441 449.88
20442 449.88
20444 449.89
20446 449.89
20447 449.89
20448 449.89
20449 449.89
20451 449.89
20452 449.89
20453 449.89
20454 449.89
20455 449.89
20456 449.89
20457 449.89
20458 449.89
20459 449.89
20460 449.89
20461 449.89
20464 449.89
20465 449.89
20466 449.89
20467 449.89
20468 449.89
20469 449.89
20470 449.89
20471 449.89
20472 449.89
20473 449.89
20474 419.995
20478 449.885
20479 449.885
20480 449.885
20481 449.885
20482 449.885
20483 449.885
20484 449.885
20485 449.885
20486 449.885
20488 449.88
20489 449.88
20490 449.88
20492 449.88
20493 449.88
20494 449.88
20499 449.88
20500 449.88
20502 449.88
20503 449.88
20504 449.88
20505 449.88
20506 449.88
20507 449.88
20508 449.88
20509 449.88
20510 449.88
20512 449.88
20514 449.88
20515 449.88
20516 449.88
20517 449.88
20518 449.88
20519 449.88
20520 449.88
20521 449.88
20522 449.88
20523 449.88
20524 449.88
20525 449.88
