20005 100.085
20011 100.085
20014 499.925
20015 499.93
20017 499.93
20018 499.93
20019 499.93
20021 499.93
20022 499.93
20023 499.93
20024 499.93
20026 499.91
20027 499.91
20029 499.91
20030 499.91
20031 499.91
20032 499.91
20033 499.91
20036 499.985
20038 499.985
20039 499.985
20041 499.685
20042 499.685
20043 499.685
20044 499.685
20045 499.685
20046 499.685
20047 499.685
20048 499.685
20051 499.685
20055 499.685
20056 499.685
20057 499.685
20059 499.685
20060 499.685
20062 499.685
20065 0
20072 499.82
20075 499.82
20076 499.82
20077 499.82
20078 499.82
20079 499.82
20080 499.82
20081 499.82
20082 499.82
20083 499.82
20084 499.82
20085 499.82
20086 499.82
20089 499.82
20090 499.82
20091 499.82
20093 499.82
20094 499.82
20095 499.82
20096 499.82
20097 499.82
20098 499.82
20099 499.82
20100 499.82
20101 499.82
20104 499.82
20105 499.82
20106 499.82
20107 499.82
20108 499.82
20111 499.82
20112 499.82
20113 499.82
20114 499.82
20116 499.82
20117 499.82
20118 499.82
20119 499.82
20120 499.82
20121 499.82
20122 499.82
20123 499.82
20124 499.82
20125 499.82
20126 499.82
20127 499.82
20128 499.82
20129 499.82
20131 499.945
20132 499.945
20133 499.945
20134 499.945
20135 499.2
20136 499.2
20137 499.2
20138 499.2
20139 499.2
20140 499.2
20141 499.2
20142 499.2
20143 499.2
20144 499.2
20145 499.2
20146 499.2
20148 499.2
20149 499.2
20150 499.2
20151 499.2
20152 499.2
20153 499.2
20154 499.2
20155 499.2
20156 499.2
20157 499.2
20158 499.2
20160 499.2
20161 499.2
20162 499.2
20163 499.2
20164 499.2
20165 499.2
20166 499.2
20167 499.2
20168 499.2
20169 499.2
20170 499.2
20171 499.2
20172 499.2
20173 499.2
20174 499.2
20175 499.2
20176 499.2
20177 499.2
20178 499.2
20179 499.2
20181 499.2
20182 499.2
20183 499.2
20184 499.2
20185 499.665
20186 499.665
20187 499.665
20191 499.665
20192 499.665
20193 499.665
20194 499.665
20195 499.665
20196 499.665
20197 499.665
20198 499.665
20199 499.665
20200 499.665
20201 499.665
20202 499.665
20203 499.665
20205 499.665
20207 499.665
20208 499.665
20209 499.665
20213 499.665
20214 499.665
20215 499.665
20216 499.665
20217 499.665
20219 499.665
20220 499.665
20221 499.665
20222 499.665
20223 499.665
20224 499.665
20225 499.665
20226 499.665
20227 499.665
20228 499.665
20229 499.665
20230 499.665
20231 499.665
20232 499.665
20234 499.665
20235 499.665
20236 499.665
20238 499.665
20239 499.665
20240 499.665
20241 499.665
20242 499.665
20243 499.665
20244 499.665
20245 499.665
20246 499.665
20247 499.665
20248 499.665
20249 499.665
20250 499.665
20251 499.665
20252 499.665
20253 499.665
20254 499.665
20255 499.665
20256 499.665
20257 499.665
20258 499.665
20260 499.665
20263 499.665
20264 499.68
20265 499.68
20266 499.68
20267 499.68
20269 499.955
20270 499.955
20271 499.955
20272 499.955
20273 499.955
20274 499.955
20275 499.955
20278 499.955
20279 499.955
20282 499.925
20283 499.925
20284 499.925
20285 499.925
20287 499.925
20288 499.925
20289 499.925
20290 499.925
20291 499.925
20292 499.925
20293 499.925
20294 499.955
20297 499.955
20298 499.955
20299 499.955
20300 499.955
20302 499.955
20303 499.955
20304 499.955
20305 499.955
20306 499.955
20307 499.955
20308 499.955
20309 499.955
20312 499.955
20313 499.955
20314 499.955
20315 499.955
20316 499.955
20317 499.955
20318 499.955
20320 499.955
20321 499.955
20322 499.955
20323 499.955
20324 499.955
20325 499.955
20326 499.955
20327 499.955
20328 499.955
20330 499.955
20332 499.955
20333 499.955
20334 499.955
20335 499.955
20336 499.955
20337 499.955
20339 499.955
20340 499.955
20341 499.955
20342 499.955
20343 499.955
20344 499.955
20345 499.955
20346 499.92
20348 499.895
20349 499.895
20350 499.895
20351 499.895
20352 499.895
20353 499.895
20359 499.895
20360 499.955
20361 499.955
20363 499.955
20364 499.955
20365 499.955
20366 499.955
20367 499.955
20369 499.955
20370 499.955
20374 499.955
20375 499.955
20378 499.955
20379 499.955
20380 499.955
20381 499.955
20382 499.955
20383 499.955
20384 499.955
20385 499.955
20386 499.955
20388 499.955
20389 499.955
20390 499.955
20391 499.955
20392 499.955
20393 499.955
20394 499.955
20395 499.955
20396 499.955
20397 499.955
20398 499.955
20399 499.955
20400 499.955
20401 499.955
20402 499.955
20403 499.955
20404 499.955
20406 499.955
20407 499.955
20408 499.955
20409 499.955
20410 499.955
20411 499.955
20412 499.955
20413 499.955
20414 499.955
20415 499.955
20416 499.955
20417 499.955
20418 499.955
20419 499.955
20420 499.955
20421 499.955
20422 499.955
20423 499.955
20424 499.955
20425 499.955
20426 499.955
20427 499.955
20428 499.955
20429 499.955
20432 499.955
20433 499.955
20434 499.955
20435 499.955
20436 499.955
20437 499.955
20438 499.955
20439 499.955
20440 499.955
20441 499.955
20442 499.955
20444 499.9
20446 499.9
20447 499.9
20448 499.9
20449 499.9
20451 499.9
20452 499.9
20453 499.9
20454 499.9
20455 499.9
20456 499.9
20457 499.9
20458 499.9
20459 499.9
20460 499.9
20461 499.9
20464 499.9
20465 499.9
20466 499.9
20467 499.9
20468 499.9
20469 499.9
20470 499.9
20471 499.9
20472 499.9
20473 499.9
20474 499.9
20478 499.96
20479 499.96
20480 499.96
20481 499.96
20482 499.96
20483 499.96
20484 499.96
20485 499.96
20486 499.96
20488 499.815
20489 499.815
20490 499.815
20492 499.815
20493 499.815
20494 499.815
20499 499.815
20500 499.815
20502 499.815
20503 499.815
20504 499.815
20505 499.815
20506 499.815
20507 499.815
20508 499.815
20509 499.815
20510 499.815
20512 499.815
20514 499.815
20515 499.815
20516 499.815
20517 499.815
20518 499.815
20519 499.815
20520 499.815
20521 499.815
20522 499.815
20523 499.815
20524 499.815
20525 499.815
