20005 100.11
20011 100.11
20014 469.985
20015 470.05
20017 470.05
20018 470.05
20019 470.05
20021 470.05
20022 470.05
20023 470.05
20024 470.05
20026 470.09
20027 470.09
20029 470.09
20030 470.09
20031 470.09
20032 470.09
20033 470.09
20036 470.08
20038 470.08
20039 470.08
20041 469.685
20042 469.685
20043 469.685
20044 469.685
20045 469.685
20046 469.685
20047 469.685
20048 469.685
20051 469.685
20055 469.685
20056 469.685
20057 469.685
20059 469.685
20060 469.685
20062 469.685
20065 0
20072 469.795
20075 469.795
20076 469.795
20077 469.795
20078 469.795
20079 469.795
20080 469.795
20081 469.795
20082 469.795
20083 469.795
20084 469.795
20085 469.795
20086 469.795
20089 469.795
20090 469.795
20091 469.795
20093 469.795
20094 469.795
20095 469.795
20096 469.795
20097 469.795
20098 469.795
20099 469.795
20100 469.795
20101 469.795
20104 469.795
20105 469.795
20106 469.795
20107 469.795
20108 469.795
20111 469.795
20112 469.795
20113 469.795
20114 469.795
20116 469.795
20117 469.795
20118 469.795
20119 469.795
20120 469.795
20121 469.795
20122 469.795
20123 469.795
20124 469.795
20125 469.795
20126 469.795
20127 469.795
20128 469.795
20129 469.795
20131 469.57
20132 469.57
20133 469.57
20134 469.57
20135 470.045
20136 470.045
20137 470.045
20138 470.045
20139 470.045
20140 470.045
20141 470.045
20142 470.045
20143 470.045
20144 470.045
20145 470.045
20146 470.045
20148 470.045
20149 470.045
20150 470.045
20151 470.045
20152 470.045
20153 470.045
20154 470.045
20155 470.045
20156 470.045
20157 470.045
20158 470.045
20160 470.045
20161 470.045
20162 470.045
20163 470.045
20164 470.045
20165 470.045
20166 470.045
20167 470.045
20168 470.045
20169 470.045
20170 470.045
20171 470.045
20172 470.045
20173 470.045
20174 470.045
20175 470.045
20176 470.045
20177 470.045
20178 470.045
20179 470.045
20181 470.045
20182 470.045
20183 470.045
20184 470.045
20185 469.665
20186 469.665
20187 469.665
20191 469.665
20192 469.665
20193 469.665
20194 469.665
20195 469.665
20196 469.665
20197 469.665
20198 469.665
20199 469.665
20200 469.665
20201 469.665
20202 469.665
20203 469.665
20205 469.665
20207 469.665
20208 469.665
20209 469.665
20213 469.665
20214 469.665
20215 469.665
20216 469.665
20217 469.665
20219 469.665
20220 469.665
20221 469.665
20222 469.665
20223 469.665
20224 469.665
20225 469.665
20226 469.665
20227 469.665
20228 469.665
20229 469.665
20230 469.665
20231 469.665
20232 469.665
20234 469.665
20235 469.665
20236 469.665
20238 469.665
20239 469.665
20240 469.665
20241 469.665
20242 469.665
20243 469.665
20244 469.665
20245 469.665
20246 469.665
20247 469.665
20248 469.665
20249 469.665
20250 469.665
20251 469.665
20252 469.665
20253 469.665
20254 469.665
20255 469.665
20256 469.665
20257 469.665
20258 469.665
20260 469.665
20263 469.665
20264 470.06
20265 470.06
20266 470.06
20267 470.06
20269 470.14
20270 470.14
20271 470.14
20272 470.14
20273 470.14
20274 470.14
20275 470.14
20278 470.14
20279 470.14
20282 470.09
20283 470.09
20284 470.09
20285 470.09
20287 470.09
20288 470.09
20289 470.09
20290 470.09
20291 470.09
20292 470.09
20293 470.09
20294 469.59
20297 469.59
20298 469.59
20299 469.59
20300 469.59
20302 469.59
20303 469.59
20304 469.59
20305 469.59
20306 469.59
20307 469.59
20308 469.59
20309 469.59
20312 469.59
20313 469.59
20314 469.59
20315 469.59
20316 469.59
20317 469.59
20318 469.59
20320 469.59
20321 469.59
20322 469.59
20323 469.59
20324 469.59
20325 469.59
20326 469.59
20327 469.59
20328 469.59
20330 469.59
20332 469.59
20333 469.59
20334 469.59
20335 469.59
20336 469.59
20337 469.59
20339 469.59
20340 469.59
20341 469.59
20342 469.59
20343 469.59
20344 469.59
20345 469.59
20346 470.085
20348 470.095
20349 470.095
20350 470.095
20351 470.095
20352 470.095
20353 470.095
20359 470.095
20360 469.955
20361 469.955
20363 469.955
20364 469.955
20365 469.955
20366 469.955
20367 469.955
20369 469.955
20370 469.955
20374 469.955
20375 469.955
20378 469.955
20379 469.955
20380 469.955
20381 469.955
20382 469.955
20383 469.955
20384 469.955
20385 469.955
20386 469.955
20388 469.955
20389 469.955
20390 469.955
20391 469.955
20392 469.955
20393 469.955
20394 469.955
20395 469.955
20396 469.955
20397 469.955
20398 469.955
20399 469.955
20400 469.955
20401 469.955
20402 469.955
20403 469.955
20404 469.955
20406 469.955
20407 469.955
20408 469.955
20409 469.955
20410 469.955
20411 469.955
20412 469.955
20413 469.955
20414 469.955
20415 469.955
20416 469.955
20417 469.955
20418 469.955
20419 469.955
20420 469.955
20421 469.955
20422 469.955
20423 469.955
20424 469.955
20425 469.955
20426 469.955
20427 469.955
20428 469.955
20429 469.955
20432 469.955
20433 469.955
20434 469.955
20435 469.955
20436 469.955
20437 469.955
20438 469.955
20439 469.955
20440 469.955
20441 469.955
20442 469.955
20444 470.095
20446 470.095
20447 470.095
20448 470.095
20449 470.095
20451 470.095
20452 470.095
20453 470.095
20454 470.095
20455 470.095
20456 470.095
20457 470.095
20458 470.095
20459 470.095
20460 470.095
20461 470.095
20464 470.095
20465 470.095
20466 470.095
20467 470.095
20468 470.095
20469 470.095
20470 470.095
20471 470.095
20472 470.095
20473 470.095
20474 470.095
20478 470.09
20479 470.09
20480 470.09
20481 470.09
20482 470.09
20483 470.09
20484 470.09
20485 470.09
20486 470.09
20488 470.07
20489 470.07
20490 470.07
20492 470.07
20493 470.07
20494 470.07
20499 470.07
20500 470.07
20502 470.07
20503 470.07
20504 470.07
20505 470.07
20506 470.07
20507 470.07
20508 470.07
20509 470.07
20510 470.07
20512 470.07
20514 470.07
20515 470.07
20516 470.07
20517 470.07
20518 470.07
20519 470.07
20520 470.07
20521 470.07
20522 470.07
20523 470.07
20524 470.07
20525 470.07
