20005 100.13
20011 100.13
20014 530.075
20015 530.015
20017 530.015
20018 530.015
20019 530.015
20021 530.015
20022 530.015
20023 530.015
20024 530.015
20026 530.04
20027 530.04
20029 530.04
20030 530.04
20031 530.04
20032 530.04
20033 530.04
20036 530.065
20038 530.065
20039 530.065
20041 530.055
20042 530.055
20043 530.055
20044 530.055
20045 530.055
20046 530.055
20047 530.055
20048 530.055
20051 530.055
20055 530.055
20056 530.055
20057 530.055
20059 530.055
20060 530.055
20062 530.055
20065 0
20072 530.055
20075 530.055
20076 530.055
20077 530.055
20078 530.055
20079 530.055
20080 530.055
20081 530.055
20082 530.055
20083 530.055
20084 530.055
20085 530.055
20086 530.055
20089 530.055
20090 530.055
20091 530.055
20093 530.055
20094 530.055
20095 530.055
20096 530.055
20097 530.055
20098 530.055
20099 530.055
20100 530.055
20101 530.055
20104 530.055
20105 530.055
20106 530.055
20107 530.055
20108 530.055
20111 530.055
20112 530.055
20113 530.055
20114 530.055
20116 530.055
20117 530.055
20118 530.055
20119 530.055
20120 530.055
20121 530.055
20122 530.055
20123 530.055
20124 530.055
20125 530.055
20126 530.055
20127 530.055
20128 530.055
20129 530.055
20131 530.055
20132 530.055
20133 530.055
20134 530.055
20135 530.075
20136 530.075
20137 530.075
20138 530.075
20139 530.075
20140 530.075
20141 530.075
20142 530.075
20143 530.075
20144 530.075
20145 530.075
20146 530.075
20148 530.075
20149 530.075
20150 530.075
20151 530.075
20152 530.075
20153 530.075
20154 530.075
20155 530.075
20156 530.075
20157 530.075
20158 530.075
20160 530.075
20161 530.075
20162 530.075
20163 530.075
20164 530.075
20165 530.075
20166 530.075
20167 530.075
20168 530.075
20169 530.075
20170 530.075
20171 530.075
20172 530.075
20173 530.075
20174 530.075
20175 530.075
20176 530.075
20177 530.075
20178 530.075
20179 530.075
20181 530.075
20182 530.075
20183 530.075
20184 530.075
20185 530.055
20186 530.055
20187 530.055
20191 530.055
20192 530.055
20193 530.055
20194 530.055
20195 530.055
20196 530.055
20197 530.055
20198 530.055
20199 530.055
20200 530.055
20201 530.055
20202 530.055
20203 530.055
20205 530.055
20207 530.055
20208 530.055
20209 530.055
20213 530.055
20214 530.055
20215 530.055
20216 530.055
20217 530.055
20219 530.055
20220 530.055
20221 530.055
20222 530.055
20223 530.055
20224 530.055
20225 530.055
20226 530.055
20227 530.055
20228 530.055
20229 530.055
20230 530.055
20231 530.055
20232 530.055
20234 530.055
20235 530.055
20236 530.055
20238 530.055
20239 530.055
20240 530.055
20241 530.055
20242 530.055
20243 530.055
20244 530.055
20245 530.055
20246 530.055
20247 530.055
20248 530.055
20249 530.055
20250 530.055
20251 530.055
20252 530.055
20253 530.055
20254 530.055
20255 530.055
20256 530.055
20257 530.055
20258 530.055
20260 530.055
20263 530.055
20264 530.045
20265 530.045
20266 530.045
20267 530.045
20269 530.07
20270 530.07
20271 530.07
20272 530.07
20273 530.07
20274 530.07
20275 530.07
20278 530.07
20279 530.07
20282 530.065
20283 530.065
20284 530.065
20285 530.065
20287 530.065
20288 530.065
20289 530.065
20290 530.065
20291 530.065
20292 530.065
20293 530.065
20294 529.66
20297 529.66
20298 529.66
20299 529.66
20300 529.66
20302 529.66
20303 529.66
20304 529.66
20305 529.66
20306 529.66
20307 529.66
20308 529.66
20309 529.66
20312 529.66
20313 529.66
20314 529.66
20315 529.66
20316 529.66
20317 529.66
20318 529.66
20320 529.66
20321 529.66
20322 529.66
20323 529.66
20324 529.66
20325 529.66
20326 529.66
20327 529.66
20328 529.66
20330 529.66
20332 529.66
20333 529.66
20334 529.66
20335 529.66
20336 529.66
20337 529.66
20339 529.66
20340 529.66
20341 529.66
20342 529.66
20343 529.66
20344 529.66
20345 529.66
20346 529.715
20348 530.04
20349 530.04
20350 530.04
20351 530.04
20352 530.04
20353 530.04
20359 530.04
20360 530.065
20361 530.065
20363 530.065
20364 530.065
20365 530.065
20366 530.065
20367 530.065
20369 530.065
20370 530.065
20374 530.065
20375 530.065
20378 530.065
20379 530.065
20380 530.065
20381 530.065
20382 530.065
20383 530.065
20384 530.065
20385 530.065
20386 530.065
20388 530.065
20389 530.065
20390 530.065
20391 530.065
20392 530.065
20393 530.065
20394 530.065
20395 530.065
20396 530.065
20397 530.065
20398 530.065
20399 530.065
20400 530.065
20401 530.065
20402 530.065
20403 530.065
20404 530.065
20406 530.065
20407 530.065
20408 530.065
20409 530.065
20410 530.065
20411 530.065
20412 530.065
20413 530.065
20414 530.065
20415 530.065
20416 530.065
20417 530.065
20418 530.065
20419 530.065
20420 530.065
20421 530.065
20422 530.065
20423 530.065
20424 530.065
20425 530.065
20426 530.065
20427 530.065
20428 530.065
20429 530.065
20432 530.065
20433 530.065
20434 530.065
20435 530.065
20436 530.065
20437 530.065
20438 530.065
20439 530.065
20440 530.065
20441 530.065
20442 530.065
20444 530.04
20446 530.04
20447 530.04
20448 530.04
20449 530.04
20451 530.04
20452 530.04
20453 530.04
20454 530.04
20455 530.04
20456 530.04
20457 530.04
20458 530.04
20459 530.04
20460 530.04
20461 530.04
20464 530.04
20465 530.04
20466 530.04
20467 530.04
20468 530.04
20469 530.04
20470 530.04
20471 530.04
20472 530.04
20473 530.04
20474 530.04
20478 530.065
20479 530.065
20480 530.065
20481 530.065
20482 530.065
20483 530.065
20484 530.065
20485 530.065
20486 530.065
20488 530.055
20489 530.055
20490 530.055
20492 530.055
20493 530.055
20494 530.055
20499 530.055
20500 530.055
20502 530.055
20503 530.055
20504 530.055
20505 530.055
20506 530.055
20507 530.055
20508 530.055
20509 530.055
20510 530.055
20512 530.055
20514 530.055
20515 530.055
20516 530.055
20517 530.055
20518 530.055
20519 530.055
20520 530.055
20521 530.055
20522 530.055
20523 530.055
20524 530.055
20525 530.055
