20005 99.89
20011 99.89
20014 439.9
20015 439.89
20017 439.89
20018 439.89
20019 439.89
20021 439.89
20022 439.89
20023 439.89
20024 439.89
20026 439.895
20027 439.895
20029 439.895
20030 439.895
20031 439.895
20032 439.895
20033 439.895
20036 438.985
20038 438.985
20039 438.985
20041 439.93
20042 439.93
20043 439.93
20044 439.93
20045 439.93
20046 439.93
20047 439.93
20048 439.93
20051 439.93
20055 439.93
20056 439.93
20057 439.93
20059 439.93
20060 439.93
20062 439.93
20065 0
20072 439.865
20075 439.865
20076 439.865
20077 439.865
20078 439.865
20079 439.865
20080 439.865
20081 439.865
20082 439.865
20083 439.865
20084 439.865
20085 439.865
20086 439.865
20089 439.865
20090 439.865
20091 439.865
20093 439.865
20094 439.865
20095 439.865
20096 439.865
20097 439.865
20098 439.865
20099 439.865
20100 439.865
20101 439.865
20104 439.865
20105 439.865
20106 439.865
20107 439.865
20108 439.865
20111 439.865
20112 439.865
20113 439.865
20114 439.865
20116 439.865
20117 439.865
20118 439.865
20119 439.865
20120 439.865
20121 439.865
20122 439.865
20123 439.865
20124 439.865
20125 439.865
20126 439.865
20127 439.865
20128 439.865
20129 439.865
20131 439.865
20132 439.865
20133 439.865
20134 439.865
20135 439.875
20136 439.875
20137 439.875
20138 439.875
20139 439.875
20140 439.875
20141 439.875
20142 439.875
20143 439.875
20144 439.875
20145 439.875
20146 439.875
20148 439.875
20149 439.875
20150 439.875
20151 439.875
20152 439.875
20153 439.875
20154 439.875
20155 439.875
20156 439.875
20157 439.875
20158 439.875
20160 439.875
20161 439.875
20162 439.875
20163 439.875
20164 439.875
20165 439.875
20166 439.875
20167 439.875
20168 439.875
20169 439.875
20170 439.875
20171 439.875
20172 439.875
20173 439.875
20174 439.875
20175 439.875
20176 439.875
20177 439.875
20178 439.875
20179 439.875
20181 439.875
20182 439.875
20183 439.875
20184 439.875
20185 439.885
20186 439.885
20187 439.885
20191 439.885
20192 439.885
20193 439.885
20194 439.885
20195 439.885
20196 439.885
20197 439.885
20198 439.885
20199 439.885
20200 439.885
20201 439.885
20202 439.885
20203 439.885
20205 439.885
20207 439.885
20208 439.885
20209 439.885
20213 439.885
20214 439.885
20215 439.885
20216 439.885
20217 439.885
20219 439.885
20220 439.885
20221 439.885
20222 439.885
20223 439.885
20224 439.885
20225 439.885
20226 439.885
20227 439.885
20228 439.885
20229 439.885
20230 439.885
20231 439.885
20232 439.885
20234 439.885
20235 439.885
20236 439.885
20238 439.885
20239 439.885
20240 439.885
20241 439.885
20242 439.885
20243 439.885
20244 439.885
20245 439.885
20246 439.885
20247 439.885
20248 439.885
20249 439.885
20250 439.885
20251 439.885
20252 439.885
20253 439.885
20254 439.885
20255 439.885
20256 439.885
20257 439.885
20258 439.885
20260 439.885
20263 439.885
20264 439.89
20265 439.89
20266 439.89
20267 439.89
20269 439.89
20270 439.89
20271 439.89
20272 439.89
20273 439.89
20274 439.89
20275 439.89
20278 439.89
20279 439.89
20282 439.055
20283 439.055
20284 439.055
20285 439.055
20287 439.055
20288 439.055
20289 439.055
20290 439.055
20291 439.055
20292 439.055
20293 439.055
20294 439.67
20297 439.67
20298 439.67
20299 439.67
20300 439.67
20302 439.67
20303 439.67
20304 439.67
20305 439.67
20306 439.67
20307 439.67
20308 439.67
20309 439.67
20312 439.67
20313 439.67
20314 439.67
20315 439.67
20316 439.67
20317 439.67
20318 439.67
20320 439.67
20321 439.67
20322 439.67
20323 439.67
20324 439.67
20325 439.67
20326 439.67
20327 439.67
20328 439.67
20330 439.67
20332 439.67
20333 439.67
20334 439.67
20335 439.67
20336 439.67
20337 439.67
20339 439.67
20340 439.67
20341 439.67
20342 439.67
20343 439.67
20344 439.67
20345 439.67
20346 439.695
20348 439.865
20349 439.865
20350 439.865
20351 439.865
20352 439.865
20353 439.865
20359 439.865
20360 439.87
20361 439.87
20363 439.87
20364 439.87
20365 439.87
20366 439.87
20367 439.87
20369 439.87
20370 439.87
20374 439.87
20375 439.87
20378 439.87
20379 439.87
20380 439.87
20381 439.87
20382 439.87
20383 439.87
20384 439.87
20385 439.87
20386 439.87
20388 439.87
20389 439.87
20390 439.87
20391 439.87
20392 439.87
20393 439.87
20394 439.87
20395 439.87
20396 439.87
20397 439.87
20398 439.87
20399 439.87
20400 439.87
20401 439.87
20402 439.87
20403 439.87
20404 439.87
20406 439.87
20407 439.87
20408 439.87
20409 439.87
20410 439.87
20411 439.87
20412 439.87
20413 439.87
20414 439.87
20415 439.87
20416 439.87
20417 439.87
20418 439.87
20419 439.87
20420 439.87
20421 439.87
20422 439.87
20423 439.87
20424 439.87
20425 439.87
20426 439.87
20427 439.87
20428 439.87
20429 439.87
20432 439.87
20433 439.87
20434 439.87
20435 439.87
20436 439.87
20437 439.87
20438 439.87
20439 439.87
20440 439.87
20441 439.87
20442 439.87
20444 439.865
20446 439.865
20447 439.865
20448 439.865
20449 439.865
20451 439.865
20452 439.865
20453 439.865
20454 439.865
20455 439.865
20456 439.865
20457 439.865
20458 439.865
20459 439.865
20460 439.865
20461 439.865
20464 439.865
20465 439.865
20466 439.865
20467 439.865
20468 439.865
20469 439.865
20470 439.865
20471 439.865
20472 439.865
20473 439.865
20474 439.865
20478 439.885
20479 439.885
20480 439.885
20481 439.885
20482 439.885
20483 439.885
20484 439.885
20485 439.885
20486 439.885
20488 439.88
20489 439.88
20490 439.88
20492 439.88
20493 439.88
20494 439.88
20499 439.88
20500 439.88
20502 439.88
20503 439.88
20504 439.88
20505 439.88
20506 439.88
20507 439.88
20508 439.88
20509 439.88
20510 439.88
20512 439.88
20514 439.88
20515 439.88
20516 439.88
20517 439.88
20518 439.88
20519 439.88
20520 439.88
20521 439.88
20522 439.88
20523 439.88
20524 439.88
20525 439.88
