20005 100.13
20011 100.13
20014 0.855
20015 450.15
20017 450.15
20018 450.15
20019 450.15
20021 450.15
20022 450.15
20023 450.15
20024 450.15
20026 440.145
20027 440.145
20029 440.145
20030 440.145
20031 440.18
20032 440.18
20033 440.18
20036 440.17
20038 440.17
20039 440.17
20041 440.165
20042 440.165
20043 440.165
20044 440.165
20045 440.165
20046 440.165
20047 440.165
20048 440.165
20051 440.165
20055 440.165
20056 440.165
20057 440.165
20059 440.165
20060 440.165
20062 440.165
20065 0
20072 440.115
20075 440.115
20076 440.115
20077 440.115
20078 440.115
20079 440.115
20080 440.115
20081 440.115
20082 440.115
20083 440.115
20084 440.115
20085 440.115
20086 440.115
20089 440.115
20090 440.115
20091 440.115
20093 440.115
20094 440.115
20095 440.115
20096 440.115
20097 440.115
20098 440.115
20099 440.115
20100 440.115
20101 440.115
20104 440.115
20105 440.115
20106 440.115
20107 440.115
20108 440.115
20111 440.115
20112 440.115
20113 440.115
20114 440.115
20116 440.115
20117 440.115
20118 440.115
20119 440.115
20120 440.115
20121 440.115
20122 440.115
20123 440.115
20124 440.115
20125 440.115
20126 440.115
20127 440.115
20128 440.115
20129 440.115
20131 440.12
20132 440.12
20133 440.12
20134 440.12
20135 440.125
20136 440.125
20137 440.125
20138 440.125
20139 440.125
20140 440.125
20141 440.125
20142 440.125
20143 440.125
20144 440.125
20145 440.125
20146 440.125
20148 440.125
20149 440.125
20150 440.125
20151 440.125
20152 440.125
20153 440.125
20154 440.125
20155 440.125
20156 440.125
20157 440.125
20158 440.125
20160 440.125
20161 440.125
20162 440.125
20163 440.125
20164 440.125
20165 440.125
20166 440.125
20167 440.125
20168 440.125
20169 440.125
20170 440.125
20171 440.125
20172 440.125
20173 440.125
20174 440.125
20175 440.125
20176 440.125
20177 440.125
20178 440.125
20179 440.125
20181 440.125
20182 440.125
20183 440.125
20184 440.125
20185 440.13
20186 440.13
20187 440.13
20191 440.13
20192 440.13
20193 440.13
20194 440.13
20195 440.13
20196 440.13
20197 440.13
20198 440.13
20199 440.13
20200 440.13
20201 440.13
20202 440.13
20203 440.13
20205 440.13
20207 440.13
20208 440.13
20209 440.13
20213 440.13
20214 440.13
20215 440.13
20216 440.13
20217 440.13
20219 440.13
20220 440.13
20221 440.13
20222 440.13
20223 440.13
20224 440.13
20225 440.13
20226 440.13
20227 440.13
20228 440.13
20229 440.13
20230 440.13
20231 440.13
20232 440.13
20234 440.13
20235 440.13
20236 440.13
20238 440.13
20239 440.13
20240 440.13
20241 440.13
20242 440.13
20243 440.13
20244 440.13
20245 440.13
20246 440.13
20247 440.13
20248 440.13
20249 440.13
20250 440.13
20251 440.13
20252 440.13
20253 440.13
20254 440.13
20255 440.13
20256 440.13
20257 440.13
20258 440.13
20260 440.13
20263 440.13
20264 440.135
20265 440.135
20266 440.135
20267 440.135
20269 440.125
20270 440.125
20271 440.125
20272 440.125
20273 440.125
20274 440.125
20275 440.125
20278 440.125
20279 440.125
20282 440.13
20283 440.13
20284 440.13
20285 440.13
20287 440.13
20288 440.13
20289 440.13
20290 440.13
20291 440.13
20292 440.13
20293 440.13
20294 439.675
20297 439.675
20298 439.675
20299 439.675
20300 439.675
20302 439.675
20303 439.675
20304 439.675
20305 439.675
20306 439.675
20307 439.675
20308 439.675
20309 439.675
20312 439.675
20313 439.675
20314 439.675
20315 439.675
20316 439.675
20317 439.675
20318 439.675
20320 439.675
20321 439.675
20322 439.675
20323 439.675
20324 439.675
20325 439.675
20326 439.675
20327 439.675
20328 439.675
20330 439.675
20332 439.675
20333 439.675
20334 439.675
20335 439.675
20336 439.675
20337 439.675
20339 439.675
20340 439.675
20341 439.675
20342 439.675
20343 439.675
20344 439.675
20345 439.675
20346 439.805
20348 440.11
20349 440.11
20350 440.11
20351 440.11
20352 440.11
20353 440.11
20359 440.11
20360 440.12
20361 440.12
20363 440.12
20364 440.12
20365 440.12
20366 440.12
20367 440.12
20369 440.12
20370 440.12
20374 440.12
20375 440.12
20378 440.12
20379 440.12
20380 440.12
20381 440.12
20382 440.12
20383 440.12
20384 440.12
20385 440.12
20386 440.12
20388 440.12
20389 440.12
20390 440.12
20391 440.12
20392 440.12
20393 440.12
20394 440.12
20395 440.12
20396 440.12
20397 440.12
20398 440.12
20399 440.12
20400 440.12
20401 440.12
20402 440.12
20403 440.12
20404 440.12
20406 440.12
20407 440.12
20408 440.12
20409 440.12
20410 440.12
20411 440.12
20412 440.12
20413 440.12
20414 440.12
20415 440.12
20416 440.12
20417 440.12
20418 440.12
20419 440.12
20420 440.12
20421 440.12
20422 440.12
20423 440.12
20424 440.12
20425 440.12
20426 440.12
20427 440.12
20428 440.12
20429 440.12
20432 440.12
20433 440.12
20434 440.12
20435 440.12
20436 440.12
20437 440.12
20438 440.12
20439 440.12
20440 440.12
20441 440.12
20442 440.12
20444 440.11
20446 440.11
20447 440.11
20448 440.11
20449 440.11
20451 440.11
20452 440.11
20453 440.11
20454 440.11
20455 440.11
20456 440.11
20457 440.11
20458 440.11
20459 440.11
20460 440.11
20461 440.11
20464 440.11
20465 440.11
20466 440.11
20467 440.11
20468 440.11
20469 440.11
20470 440.11
20471 440.11
20472 440.11
20473 440.11
20474 440.11
20478 440.125
20479 440.125
20480 440.125
20481 440.125
20482 440.125
20483 440.125
20484 440.125
20485 440.125
20486 440.125
20488 440.13
20489 440.13
20490 440.13
20492 440.13
20493 440.13
20494 440.13
20499 440.13
20500 440.13
20502 440.13
20503 440.13
20504 440.13
20505 440.13
20506 440.13
20507 440.13
20508 440.13
20509 440.13
20510 440.13
20512 440.13
20514 440.13
20515 440.13
20516 440.13
20517 440.13
20518 440.13
20519 440.13
20520 440.13
20521 440.13
20522 440.13
20523 440.13
20524 440.13
20525 440.13
