20005 99.975
20011 99.975
20014 489.96
20015 489.18
20017 489.18
20018 489.935
20019 489.935
20021 489.935
20022 489.935
20023 489.935
20024 489.935
20026 489.89
20027 489.89
20029 489.955
20030 489.955
20031 489.955
20032 489.955
20033 489.955
20036 489.96
20038 489.96
20039 490.025
20041 489.96
20042 489.96
20043 489.96
20044 489.96
20045 489.96
20046 489.96
20047 489.96
20048 489.96
20051 489.96
20055 489.96
20056 489.96
20057 489.96
20059 489.96
20060 489.96
20062 489.96
20065 0
20072 489.935
20075 489.935
20076 489.935
20077 489.935
20078 489.935
20079 489.935
20080 489.935
20081 489.935
20082 489.915
20083 489.925
20084 489.925
20085 489.925
20086 489.925
20089 489.6
20090 489.6
20091 489.6
20093 489.6
20094 489.6
20095 489.6
20096 489.6
20097 489.6
20098 489.6
20099 489.91
20100 489.91
20101 489.91
20104 489.91
20105 489.91
20106 489.91
20107 489.91
20108 489.925
20111 489.925
20112 489.92
20113 489.92
20114 489.92
20116 489.92
20117 489.92
20118 489.92
20119 489.92
20120 489.92
20121 489.92
20122 489.92
20123 489.92
20124 489.92
20125 489.92
20126 489.92
20127 489.92
20128 489.92
20129 489.935
20131 489.96
20132 489.955
20133 489.955
20134 489.955
20135 489.39
20136 489.39
20137 489.85
20138 489.85
20139 489.85
20140 489.92
20141 489.92
20142 489.92
20143 489.935
20144 489.935
20145 489.935
20146 489.935
20148 489.935
20149 489.935
20150 489.935
20151 489.92
20152 489.92
20153 489.355
20154 489.935
20155 489.935
20156 489.935
20157 489.935
20158 489.935
20160 489.94
20161 489.94
20162 489.94
20163 489.945
20164 489.91
20165 489.935
20166 489.935
20167 489.95
20168 489.95
20169 489.95
20170 489.95
20171 489.95
20172 489.94
20173 489.825
20174 489.995
20175 489.995
20176 489.995
20177 489.995
20178 489.995
20179 489.995
20181 489.785
20182 489.785
20183 489.785
20184 489.785
20185 489.95
20186 489.95
20187 489.95
20191 489.95
20192 489.95
20193 489.95
20194 489.95
20195 489.775
20196 489.93
20197 489.935
20198 489.935
20199 489.935
20200 489.935
20201 489.935
20202 489.935
20203 489.935
20205 489.935
20207 489.935
20208 489.935
20209 489.935
20213 489.005
20214 489.005
20215 489.005
20216 489.005
20217 489.815
20219 489.815
20220 489.815
20221 489.815
20222 489.945
20223 489.945
20224 489.945
20225 489.945
20226 489.925
20227 489.925
20228 489.925
20229 489.925
20230 489.925
20231 490.69
20232 490.69
20234 490.69
20235 489.9
20236 489.9
20238 489.9
20239 489.9
20240 489.9
20241 489.9
20242 489.9
20243 489.9
20244 489.915
20245 489.915
20246 489.915
20247 489.915
20248 489.735
20249 489.735
20250 489.735
20251 489.735
20252 489.735
20253 489.905
20254 489.92
20255 489.92
20256 489.92
20257 489.92
20258 489.925
20260 489.935
20263 489.935
20264 489.945
20265 489.69
20266 489.69
20267 489.94
20269 489.95
20270 489.95
20271 489.915
20272 489.915
20273 489.915
20274 489.915
20275 489.915
20278 489.915
20279 489.915
20282 489.16
20283 489.16
20284 489.16
20285 489.16
20287 489.16
20288 489.16
20289 489.16
20290 489.16
20291 489.16
20292 489.88
20293 489.88
20294 489.75
20297 489.75
20298 489.75
20299 489.75
20300 489.75
20302 489.86
20303 489.86
20304 489.86
20305 489.86
20306 489.86
20307 489.86
20308 489.86
20309 489.86
20312 489.86
20313 489.925
20314 489.925
20315 489.925
20316 489.945
20317 489.925
20318 489.925
20320 489.925
20321 489.925
20322 489.92
20323 489.92
20324 489.92
20325 489.92
20326 489.92
20327 489.92
20328 489.92
20330 489.92
20332 489.92
20333 489.92
20334 489.92
20335 489.92
20336 489.92
20337 489.92
20339 489.92
20340 489.92
20341 489.92
20342 489.92
20343 489.925
20344 489.925
20345 489.925
20346 489.92
20348 489.02
20349 489.02
20350 489.02
20351 489.915
20352 489.915
20353 489.93
20359 489.93
20360 489.955
20361 489.955
20363 489.95
20364 489.95
20365 489.95
20366 489.95
20367 489.95
20369 489.95
20370 489.85
20374 489.94
20375 489.94
20378 489.94
20379 489.94
20380 489.94
20381 489.94
20382 490.025
20383 490.025
20384 490.025
20385 490.025
20386 490.025
20388 489.35
20389 489.35
20390 489.905
20391 489.905
20392 489.945
20393 489.94
20394 489.94
20395 489.87
20396 489.87
20397 489.87
20398 489.87
20399 489.87
20400 489.87
20401 489.935
20402 489.935
20403 489.935
20404 489.95
20406 489.95
20407 489.95
20408 489.95
20409 489.99
20410 489.99
20411 489.99
20412 489.99
20413 489.985
20414 489.985
20415 489.925
20416 489.925
20417 489.925
20418 489.925
20419 489.925
20420 489.925
20421 490.85
20422 489.81
20423 489.935
20424 489.935
20425 489.93
20426 489.93
20427 489.93
20428 489.935
20429 489.935
20432 489.935
20433 489.925
20434 489.925
20435 489.925
20436 489.925
20437 489.925
20438 489.925
20439 489.925
20440 489.935
20441 489.935
20442 489.935
20444 489.905
20446 489.905
20447 489.905
20448 489.905
20449 489.905
20451 489.905
20452 489.905
20453 489.905
20454 489.905
20455 489.905
20456 489.905
20457 489.875
20458 489.78
20459 489.935
20460 489.935
20461 489.78
20464 489.885
20465 489.885
20466 489.68
20467 489.925
20468 489.925
20469 489.935
20470 489.95
20471 489.915
20472 489.915
20473 489.915
20474 489.915
20478 489.96
20479 489.96
20480 489.96
20481 489.85
20482 489.85
20483 489.85
20484 489.85
20485 489.85
20486 489.85
20488 489.955
20489 489.955
20490 489.955
20492 489.955
20493 489.955
20494 490.855
20499 490.855
20500 490.855
20502 490.855
20503 490.855
20504 490.855
20505 490.855
20506 490.855
20507 490.855
20508 490.855
20509 489.93
20510 489.995
20512 489.995
20514 489.995
20515 489.995
20516 489.995
20517 489.995
20518 489.995
20519 489.995
20520 489.995
20521 489.995
20522 489.995
20523 489.935
20524 489.935
20525 489.535
