20005 99.85
20011 99.85
20014 449.78
20015 449.81
20017 449.81
20018 449.81
20019 449.81
20021 449.81
20022 449.81
20023 449.81
20024 449.81
20026 449.825
20027 449.825
20029 449.825
20030 449.825
20031 449.825
20032 449.825
20033 449.825
20036 449.785
20038 449.785
20039 449.785
20041 449.505
20042 449.505
20043 449.505
20044 449.505
20045 449.505
20046 449.505
20047 449.505
20048 449.505
20051 449.505
20055 449.505
20056 449.505
20057 449.505
20059 449.505
20060 449.505
20062 449.505
20065 0
20072 449.835
20075 449.835
20076 449.835
20077 449.835
20078 449.835
20079 449.835
20080 449.835
20081 449.835
20082 449.835
20083 449.835
20084 449.835
20085 449.835
20086 449.835
20089 449.835
20090 449.835
20091 449.835
20093 449.835
20094 449.835
20095 449.835
20096 449.835
20097 449.835
20098 449.835
20099 449.835
20100 449.835
20101 449.835
20104 449.835
20105 449.835
20106 449.835
20107 449.835
20108 449.835
20111 449.835
20112 449.835
20113 449.835
20114 449.835
20116 449.835
20117 449.835
20118 449.835
20119 449.835
20120 449.835
20121 449.835
20122 449.835
20123 449.835
20124 449.835
20125 449.835
20126 449.835
20127 449.835
20128 449.835
20129 449.835
20131 449.84
20132 449.84
20133 449.84
20134 449.84
20135 449.81
20136 449.81
20137 449.81
20138 449.81
20139 449.81
20140 449.81
20141 449.81
20142 449.81
20143 449.81
20144 449.81
20145 449.81
20146 449.81
20148 449.81
20149 449.81
20150 449.81
20151 449.81
20152 449.81
20153 449.81
20154 449.81
20155 449.81
20156 449.81
20157 449.81
20158 449.81
20160 449.81
20161 449.81
20162 449.81
20163 449.81
20164 449.81
20165 449.81
20166 449.81
20167 449.81
20168 449.81
20169 449.81
20170 449.81
20171 449.81
20172 449.81
20173 449.81
20174 449.81
20175 449.81
20176 449.81
20177 449.81
20178 449.81
20179 449.81
20181 449.81
20182 449.81
20183 449.81
20184 449.81
20185 449.855
20186 449.855
20187 449.855
20191 449.855
20192 449.855
20193 449.855
20194 449.855
20195 449.855
20196 449.855
20197 449.855
20198 449.855
20199 449.855
20200 449.855
20201 449.855
20202 449.855
20203 449.855
20205 449.855
20207 449.855
20208 449.855
20209 449.855
20213 449.855
20214 449.855
20215 449.855
20216 449.855
20217 449.855
20219 449.855
20220 449.855
20221 449.855
20222 449.855
20223 449.855
20224 449.855
20225 449.855
20226 449.855
20227 449.855
20228 449.855
20229 449.855
20230 449.855
20231 449.855
20232 449.855
20234 449.855
20235 449.855
20236 449.855
20238 449.855
20239 449.855
20240 449.855
20241 449.855
20242 449.855
20243 449.855
20244 449.855
20245 449.855
20246 449.855
20247 449.855
20248 449.855
20249 449.855
20250 449.855
20251 449.855
20252 449.855
20253 449.855
20254 449.855
20255 449.855
20256 449.855
20257 449.855
20258 449.855
20260 449.855
20263 449.855
20264 449.495
20265 449.495
20266 449.495
20267 449.495
20269 449.83
20270 449.83
20271 449.83
20272 449.83
20273 449.83
20274 449.82
20275 399.835
20278 389.84
20279 0
20282 389.86
20283 389.86
20284 389.86
20285 389.87
20287 389.87
20288 389.71
20289 369.34
20290 369.805
20291 369.805
20292 369.805
20293 369.805
20294 369.87
20297 369.87
20298 369.87
20299 369.87
20300 369.87
20302 369.87
20303 369.87
20304 368.985
20305 368.985
20306 368.985
20307 368.985
20308 368.985
20309 368.985
20312 368.985
20313 368.985
20314 368.985
20315 368.985
20316 368.985
20317 368.985
20318 368.985
20320 368.985
20321 368.985
20322 368.985
20323 368.985
20324 368.985
20325 368.985
20326 368.985
20327 368.985
20328 389.81
20330 389.81
20332 400.565
20333 409.87
20334 409.87
20335 429.255
20336 429.255
20337 429.875
20339 429.88
20340 409.885
20341 409.885
20342 409.885
20343 409.885
20344 409.885
20345 409.885
20346 409.835
20348 409.21
20349 409.21
20350 409.21
20351 409.21
20352 409.21
20353 409.21
20359 409.21
20360 409.87
20361 409.87
20363 409.87
20364 409.865
20365 409.865
20366 409.865
20367 409.865
20369 409.865
20370 409.805
20374 409.805
20375 409.655
20378 409.655
20379 409.855
20380 409.835
20381 409.855
20382 409.845
20383 409.845
20384 409.845
20385 409.845
20386 409.845
20388 409.845
20389 409.85
20390 409.845
20391 409.675
20392 409.73
20393 409.74
20394 399.845
20395 389.82
20396 389.82
20397 389.82
20398 389.82
20399 389.82
20400 389.82
20401 389.82
20402 389.82
20403 389.82
20404 400.57
20406 400.57
20407 400.57
20408 400.57
20409 400.57
20410 400.57
20411 400.57
20412 400.57
20413 400.57
20414 400.57
20415 400.57
20416 400.57
20417 400.85
20418 400.85
20419 400.87
20420 379.905
20421 379.9
20422 379.9
20423 379.895
20424 379.895
20425 379.895
20426 379.895
20427 379.895
20428 379.895
20429 379.895
20432 379.895
20433 379.895
20434 379.895
20435 379.895
20436 379.895
20437 379.895
20438 379.895
20439 379.895
20440 379.895
20441 379.895
20442 379.895
20444 400.68
20446 400.68
20447 400.68
20448 400.68
20449 400.68
20451 400.68
20452 400.68
20453 400.68
20454 400.68
20455 400.68
20456 400.68
20457 370.875
20458 370.875
20459 370.875
20460 370.875
20461 370.875
20464 370.875
20465 370.875
20466 370.875
20467 370.875
20468 370.875
20469 370.875
20470 370.875
20471 370.875
20472 370.875
20473 370.875
20474 370.875
20478 400.89
20479 400.89
20480 400.89
20481 400.89
20482 400.89
20483 400.89
20484 400.89
20485 400.89
20486 400.89
20488 400.33
20489 400.33
20490 400.33
20492 400.33
20493 400.33
20494 400.33
20499 400.33
20500 400.33
20502 400.33
20503 400.33
20504 400.33
20505 400.33
20506 400.33
20507 400.33
20508 400.33
20509 400.33
20510 400.33
20512 400.33
20514 400.33
20515 400.33
20516 400.33
20517 400.33
20518 400.33
20519 400.33
20520 400.33
20521 400.33
20522 400.33
20523 400.33
20524 400.33
20525 400.33
