20005 99.865
20011 99.865
20014 459.855
20015 459.85
20017 459.85
20018 459.85
20019 459.85
20021 459.85
20022 459.85
20023 459.85
20024 459.85
20026 459.835
20027 459.835
20029 459.835
20030 459.835
20031 459.835
20032 459.835
20033 459.835
20036 459.855
20038 459.855
20039 459.855
20041 459.855
20042 459.855
20043 459.855
20044 459.855
20045 459.855
20046 459.855
20047 459.855
20048 459.855
20051 459.855
20055 459.855
20056 459.855
20057 459.855
20059 459.855
20060 459.855
20062 459.855
20065 0
20072 459.84
20075 459.84
20076 459.84
20077 459.84
20078 459.84
20079 459.84
20080 459.84
20081 459.84
20082 459.84
20083 459.84
20084 459.84
20085 459.84
20086 459.84
20089 459.84
20090 459.84
20091 459.84
20093 459.84
20094 459.84
20095 459.84
20096 459.84
20097 459.84
20098 459.84
20099 459.84
20100 459.84
20101 459.84
20104 459.84
20105 459.84
20106 459.84
20107 459.84
20108 459.84
20111 459.84
20112 459.84
20113 459.84
20114 459.84
20116 459.84
20117 459.84
20118 459.84
20119 459.84
20120 459.84
20121 459.84
20122 459.84
20123 459.84
20124 459.84
20125 459.84
20126 459.84
20127 459.84
20128 459.84
20129 459.84
20131 459.7
20132 459.7
20133 459.7
20134 459.7
20135 459.84
20136 459.84
20137 459.84
20138 459.84
20139 459.84
20140 459.84
20141 459.84
20142 459.84
20143 459.84
20144 459.84
20145 459.84
20146 459.84
20148 459.84
20149 459.84
20150 459.84
20151 459.84
20152 459.84
20153 459.84
20154 459.84
20155 459.84
20156 459.84
20157 459.84
20158 459.84
20160 459.84
20161 459.84
20162 459.84
20163 459.84
20164 459.84
20165 459.84
20166 459.84
20167 459.84
20168 459.84
20169 459.84
20170 459.84
20171 459.84
20172 459.84
20173 459.84
20174 459.84
20175 459.84
20176 459.84
20177 459.84
20178 459.84
20179 459.84
20181 459.84
20182 459.84
20183 459.84
20184 459.84
20185 459.855
20186 459.855
20187 459.855
20191 459.855
20192 459.855
20193 459.855
20194 459.855
20195 459.855
20196 459.855
20197 459.855
20198 459.855
20199 459.855
20200 459.855
20201 459.855
20202 459.855
20203 459.855
20205 459.855
20207 459.855
20208 459.855
20209 459.855
20213 459.855
20214 459.855
20215 459.855
20216 459.855
20217 459.855
20219 459.855
20220 459.855
20221 459.855
20222 459.855
20223 459.855
20224 459.855
20225 459.855
20226 459.855
20227 459.855
20228 459.855
20229 459.855
20230 459.855
20231 459.855
20232 459.855
20234 459.855
20235 459.855
20236 459.855
20238 459.855
20239 459.855
20240 459.855
20241 459.855
20242 459.855
20243 459.855
20244 459.855
20245 459.855
20246 459.855
20247 459.855
20248 459.855
20249 459.855
20250 459.855
20251 459.855
20252 459.855
20253 459.855
20254 459.855
20255 459.855
20256 459.855
20257 459.855
20258 459.855
20260 459.855
20263 459.855
20264 459.84
20265 459.84
20266 459.84
20267 459.84
20269 459.84
20270 459.84
20271 459.84
20272 459.84
20273 459.84
20274 459.84
20275 459.84
20278 459.84
20279 459.84
20282 459.275
20283 459.275
20284 459.275
20285 459.275
20287 459.275
20288 459.275
20289 459.275
20290 459.275
20291 459.275
20292 459.275
20293 459.275
20294 459.84
20297 459.84
20298 459.84
20299 459.84
20300 459.84
20302 459.84
20303 459.84
20304 459.84
20305 459.84
20306 459.84
20307 459.84
20308 459.84
20309 459.84
20312 459.84
20313 459.84
20314 459.84
20315 459.84
20316 459.84
20317 459.84
20318 459.84
20320 459.84
20321 459.84
20322 459.84
20323 459.84
20324 459.84
20325 459.84
20326 459.84
20327 459.84
20328 459.84
20330 459.84
20332 459.84
20333 459.84
20334 459.84
20335 459.84
20336 459.84
20337 459.84
20339 459.84
20340 459.84
20341 459.84
20342 459.84
20343 459.84
20344 459.84
20345 459.84
20346 459.82
20348 459.83
20349 459.83
20350 459.83
20351 459.83
20352 459.83
20353 459.83
20359 459.83
20360 459.85
20361 459.85
20363 459.85
20364 459.85
20365 459.85
20366 459.85
20367 459.85
20369 459.85
20370 459.85
20374 459.85
20375 459.85
20378 459.85
20379 459.85
20380 459.85
20381 459.85
20382 459.85
20383 459.85
20384 459.85
20385 459.85
20386 459.85
20388 459.85
20389 459.85
20390 459.85
20391 459.85
20392 459.85
20393 459.85
20394 459.85
20395 459.85
20396 459.85
20397 459.85
20398 459.85
20399 459.85
20400 459.85
20401 459.85
20402 459.85
20403 459.85
20404 459.85
20406 459.85
20407 459.85
20408 459.85
20409 459.85
20410 459.85
20411 459.85
20412 459.85
20413 459.85
20414 459.85
20415 459.85
20416 459.85
20417 459.85
20418 459.85
20419 459.85
20420 459.85
20421 459.85
20422 459.85
20423 459.85
20424 459.85
20425 459.85
20426 459.85
20427 459.85
20428 459.85
20429 459.85
20432 459.85
20433 459.85
20434 459.85
20435 459.85
20436 459.85
20437 459.85
20438 459.85
20439 459.85
20440 459.85
20441 459.85
20442 459.85
20444 459.83
20446 459.83
20447 459.83
20448 459.83
20449 459.83
20451 459.83
20452 459.83
20453 459.83
20454 459.83
20455 459.83
20456 459.83
20457 459.83
20458 459.83
20459 459.83
20460 459.83
20461 459.83
20464 459.83
20465 459.83
20466 459.83
20467 459.83
20468 459.83
20469 459.83
20470 459.83
20471 459.83
20472 459.83
20473 459.83
20474 459.83
20478 459.855
20479 459.855
20480 459.855
20481 459.855
20482 459.855
20483 459.855
20484 459.855
20485 459.855
20486 459.855
20488 459.84
20489 459.84
20490 459.84
20492 459.84
20493 459.84
20494 459.84
20499 459.84
20500 459.84
20502 459.84
20503 459.84
20504 459.84
20505 459.84
20506 459.84
20507 459.84
20508 459.84
20509 459.84
20510 459.84
20512 459.84
20514 459.84
20515 459.84
20516 459.84
20517 459.84
20518 459.84
20519 459.84
20520 459.84
20521 459.84
20522 459.84
20523 459.84
20524 459.84
20525 459.84
