20005 99.9
20011 99.9
20014 439.885
20015 439.89
20017 439.89
20018 439.89
20019 499.93
20021 499.93
20022 499.93
20023 728.585
20024 1000.03
20026 439.89
20027 439.89
20029 439.89
20030 439.89
20031 439.95
20032 439.95
20033 439.95
20036 439.925
20038 439.925
20039 439.925
20041 439.92
20042 439.92
20043 439.92
20044 400.93
20045 400.93
20046 400.93
20047 400.93
20048 400.93
20051 400.93
20055 400.93
20056 400.93
20057 400.93
20059 400.93
20060 400.93
20062 400.93
20065 0
20072 400.86
20075 400.86
20076 400.86
20077 400.86
20078 429.935
20079 379.915
20080 379.915
20081 379.915
20082 379.915
20083 379.915
20084 379.915
20085 379.915
20086 400.86
20089 400.86
20090 400.86
20091 400.86
20093 400.86
20094 400.86
20095 400.86
20096 400.86
20097 400.86
20098 400.86
20099 400.86
20100 400.86
20101 400.86
20104 400.86
20105 400.86
20106 400.86
20107 400.86
20108 400.86
20111 400.86
20112 400.86
20113 400.86
20114 400.86
20116 400.86
20117 400.86
20118 400.86
20119 400.86
20120 400.86
20121 400.86
20122 400.86
20123 400.86
20124 400.86
20125 400.86
20126 400.86
20127 400.86
20128 400.86
20129 400.86
20131 379.89
20132 379.89
20133 379.89
20134 409.83
20135 409.885
20136 409.885
20137 409.885
20138 409.885
20139 409.885
20140 409.885
20141 409.885
20142 409.885
20143 409.885
20144 409.885
20145 409.885
20146 409.885
20148 409.885
20149 409.885
20150 409.885
20151 409.885
20152 409.885
20153 409.885
20154 409.885
20155 409.885
20156 409.885
20157 409.885
20158 409.885
20160 409.885
20161 409.885
20162 409.885
20163 409.885
20164 409.885
20165 409.885
20166 409.885
20167 409.885
20168 409.885
20169 409.885
20170 409.885
20171 409.885
20172 409.885
20173 409.885
20174 409.885
20175 409.885
20176 409.885
20177 409.885
20178 409.885
20179 409.885
20181 409.885
20182 409.885
20183 409.885
20184 409.885
20185 409.73
20186 409.73
20187 409.73
20191 409.73
20192 409.73
20193 409.73
20194 409.73
20195 409.73
20196 409.73
20197 409.73
20198 409.73
20199 409.73
20200 409.73
20201 409.73
20202 409.73
20203 409.73
20205 409.73
20207 409.73
20208 409.73
20209 409.73
20213 409.73
20214 409.73
20215 409.73
20216 409.73
20217 409.73
20219 409.73
20220 409.73
20221 409.73
20222 409.73
20223 409.73
20224 409.73
20225 409.73
20226 409.73
20227 409.73
20228 409.73
20229 409.73
20230 409.73
20231 409.73
20232 409.73
20234 409.73
20235 409.73
20236 409.73
20238 409.73
20239 409.73
20240 409.73
20241 409.73
20242 409.73
20243 409.73
20244 409.73
20245 409.73
20246 409.73
20247 409.73
20248 409.73
20249 409.73
20250 409.73
20251 409.73
20252 409.73
20253 409.73
20254 409.73
20255 409.73
20256 409.73
20257 409.73
20258 409.73
20260 409.73
20263 409.73
20264 409.9
20265 409.9
20266 409.9
20267 409.9
20269 409.9
20270 409.9
20271 409.9
20272 409.9
20273 409.9
20274 409.9
20275 409.9
20278 409.9
20279 409.9
20282 409.885
20283 409.885
20284 409.885
20285 409.885
20287 409.885
20288 409.885
20289 409.885
20290 409.885
20291 409.885
20292 409.885
20293 409.885
20294 409.895
20297 409.895
20298 409.895
20299 409.895
20300 409.895
20302 409.895
20303 409.895
20304 409.895
20305 409.895
20306 409.895
20307 409.895
20308 409.895
20309 409.895
20312 409.895
20313 409.895
20314 409.895
20315 409.895
20316 409.895
20317 409.895
20318 409.895
20320 409.895
20321 409.895
20322 409.895
20323 409.895
20324 409.895
20325 409.895
20326 409.895
20327 409.895
20328 409.895
20330 409.895
20332 409.895
20333 409.895
20334 409.895
20335 409.895
20336 409.895
20337 409.895
20339 409.895
20340 409.895
20341 409.895
20342 409.895
20343 409.895
20344 409.895
20345 409.895
20346 409.875
20348 409.86
20349 409.86
20350 409.86
20351 409.86
20352 409.86
20353 409.86
20359 409.86
20360 409.89
20361 409.89
20363 409.89
20364 409.89
20365 409.89
20366 409.89
20367 409.89
20369 409.89
20370 409.89
20374 409.89
20375 409.89
20378 409.89
20379 409.89
20380 409.89
20381 409.89
20382 409.89
20383 409.89
20384 409.89
20385 409.89
20386 409.89
20388 409.89
20389 409.89
20390 409.89
20391 409.89
20392 409.89
20393 409.89
20394 409.89
20395 409.89
20396 409.89
20397 409.89
20398 409.89
20399 409.89
20400 409.89
20401 409.89
20402 409.89
20403 409.89
20404 409.89
20406 409.89
20407 409.89
20408 409.89
20409 409.89
20410 409.89
20411 409.89
20412 409.89
20413 409.89
20414 409.89
20415 409.89
20416 409.89
20417 409.89
20418 409.89
20419 409.89
20420 409.89
20421 409.89
20422 409.89
20423 409.89
20424 409.89
20425 409.89
20426 409.89
20427 409.89
20428 409.89
20429 409.89
20432 409.89
20433 409.89
20434 409.89
20435 409.89
20436 409.89
20437 409.89
20438 409.89
20439 409.89
20440 409.89
20441 409.89
20442 409.89
20444 409.885
20446 409.885
20447 409.885
20448 409.885
20449 409.885
20451 409.885
20452 409.885
20453 409.885
20454 409.885
20455 409.885
20456 409.885
20457 409.885
20458 409.885
20459 409.885
20460 409.885
20461 409.885
20464 409.885
20465 409.885
20466 409.885
20467 409.885
20468 409.885
20469 409.885
20470 409.885
20471 409.885
20472 409.885
20473 409.885
20474 409.885
20478 409.88
20479 409.88
20480 409.88
20481 409.88
20482 409.88
20483 409.88
20484 409.88
20485 409.88
20486 409.88
20488 409.82
20489 409.82
20490 409.82
20492 409.82
20493 409.82
20494 409.82
20499 409.82
20500 409.82
20502 409.82
20503 409.82
20504 409.82
20505 409.82
20506 409.82
20507 409.82
20508 409.82
20509 409.82
20510 409.82
20512 409.82
20514 409.82
20515 409.82
20516 409.82
20517 409.82
20518 409.82
20519 409.82
20520 409.82
20521 409.82
20522 409.82
20523 409.82
20524 409.82
20525 409.82
