20005 100.075
20011 100.075
20014 410.015
20015 409.99
20017 409.99
20018 409.99
20019 500.075
20021 500.075
20022 500.075
20023 500.075
20024 999.495
20026 440.07
20027 440.07
20029 440.07
20030 440.07
20031 440.075
20032 440.075
20033 440.075
20036 440.07
20038 440.07
20039 440.07
20041 440.065
20042 440.065
20043 440.065
20044 440.065
20045 440.065
20046 429.995
20047 429.995
20048 429.995
20051 429.995
20055 429.995
20056 429.995
20057 429.995
20059 429.995
20060 429.995
20062 429.995
20065 0
20072 429.995
20075 429.995
20076 429.995
20077 429.995
20078 429.995
20079 429.995
20080 429.995
20081 429.995
20082 429.995
20083 429.995
20084 429.995
20085 429.995
20086 429.995
20089 429.995
20090 429.995
20091 429.995
20093 429.995
20094 429.995
20095 429.995
20096 429.995
20097 429.995
20098 429.995
20099 429.995
20100 429.995
20101 429.995
20104 429.995
20105 429.995
20106 429.995
20107 429.995
20108 429.995
20111 429.995
20112 429.995
20113 429.995
20114 429.995
20116 429.995
20117 429.995
20118 429.995
20119 429.995
20120 429.995
20121 429.995
20122 429.995
20123 429.995
20124 429.995
20125 429.995
20126 429.995
20127 429.995
20128 429.995
20129 429.995
20131 430.025
20132 430.025
20133 430.025
20134 430.025
20135 429.905
20136 429.905
20137 429.905
20138 429.905
20139 429.905
20140 429.905
20141 429.905
20142 429.905
20143 429.905
20144 429.905
20145 429.905
20146 429.99
20148 429.99
20149 429.99
20150 429.99
20151 429.99
20152 429.99
20153 429.99
20154 429.99
20155 429.99
20156 429.99
20157 430.005
20158 430.005
20160 430.005
20161 430.005
20162 430.005
20163 430.005
20164 430.005
20165 430.005
20166 430.005
20167 430.005
20168 430.005
20169 430.005
20170 430.005
20171 430.005
20172 430.005
20173 430.005
20174 430.005
20175 430.005
20176 430.005
20177 430.005
20178 430.005
20179 430.005
20181 430.005
20182 430.005
20183 430.005
20184 430.005
20185 430.04
20186 430.04
20187 430.04
20191 430.04
20192 430.04
20193 430.04
20194 430.04
20195 430.04
20196 430.04
20197 430.04
20198 430.04
20199 430.04
20200 430.04
20201 430.04
20202 430.04
20203 430.04
20205 430.04
20207 430.04
20208 430.04
20209 430.04
20213 430.04
20214 430.04
20215 430.04
20216 430.04
20217 430.04
20219 430.04
20220 430.04
20221 430.04
20222 430.04
20223 430.04
20224 430.04
20225 430.04
20226 430.04
20227 430.04
20228 430.04
20229 430.04
20230 430.04
20231 430.04
20232 430.04
20234 430.04
20235 430.04
20236 430.04
20238 430.04
20239 430.04
20240 430.04
20241 430.04
20242 430.04
20243 430.04
20244 430.04
20245 430.04
20246 430.04
20247 430.04
20248 430.04
20249 430.04
20250 430.04
20251 430.04
20252 430.04
20253 430.04
20254 430.04
20255 430.04
20256 430.04
20257 430.04
20258 430.04
20260 430.04
20263 430.04
20264 429.945
20265 429.945
20266 429.945
20267 429.945
20269 429.995
20270 429.995
20271 429.995
20272 429.995
20273 429.995
20274 429.995
20275 429.995
20278 429.995
20279 429.995
20282 430
20283 430
20284 430
20285 430
20287 430
20288 430
20289 430
20290 430
20291 430
20292 430
20293 430
20294 430.005
20297 430.005
20298 430.005
20299 430.005
20300 430.005
20302 430.005
20303 430.005
20304 430.005
20305 430.005
20306 430.005
20307 430.005
20308 430.005
20309 430.005
20312 430.005
20313 430.005
20314 430.005
20315 430.005
20316 430.005
20317 430.005
20318 430.005
20320 430.005
20321 430.005
20322 430.005
20323 430.005
20324 430.005
20325 430.005
20326 430.005
20327 430.005
20328 430.005
20330 430.005
20332 430.005
20333 430.005
20334 430.005
20335 430.005
20336 430.005
20337 430.005
20339 430.005
20340 430.005
20341 430.005
20342 430.005
20343 430.005
20344 430.005
20345 430.005
20346 429.975
20348 430
20349 430
20350 430
20351 430
20352 430
20353 430
20359 430
20360 429.565
20361 429.565
20363 429.565
20364 429.565
20365 429.565
20366 429.565
20367 429.565
20369 429.565
20370 429.565
20374 429.565
20375 429.565
20378 429.565
20379 429.565
20380 429.565
20381 429.565
20382 429.565
20383 429.565
20384 429.565
20385 429.565
20386 429.565
20388 429.565
20389 429.565
20390 429.565
20391 429.565
20392 429.565
20393 429.565
20394 429.565
20395 429.565
20396 429.565
20397 429.565
20398 429.565
20399 429.565
20400 429.565
20401 429.565
20402 429.565
20403 429.565
20404 429.565
20406 429.565
20407 429.565
20408 429.565
20409 429.565
20410 429.565
20411 429.565
20412 429.565
20413 429.565
20414 429.565
20415 429.565
20416 429.565
20417 429.565
20418 429.565
20419 429.565
20420 429.565
20421 429.565
20422 429.565
20423 429.565
20424 429.565
20425 429.565
20426 429.565
20427 429.565
20428 429.565
20429 429.565
20432 429.565
20433 429.565
20434 429.565
20435 429.565
20436 429.565
20437 429.565
20438 429.565
20439 429.565
20440 429.565
20441 429.565
20442 429.565
20444 430.015
20446 430.015
20447 430.015
20448 430.015
20449 430.015
20451 430.015
20452 430.015
20453 430.015
20454 430.015
20455 430.015
20456 430.015
20457 430.015
20458 430.015
20459 430.015
20460 430.015
20461 430.015
20464 430.015
20465 430.015
20466 430.015
20467 430.015
20468 430.015
20469 430.015
20470 430.015
20471 430.015
20472 430.015
20473 430.015
20474 430.015
20478 430.035
20479 430.035
20480 430.035
20481 430.035
20482 430.035
20483 430.035
20484 430.035
20485 430.035
20486 430.035
20488 430.01
20489 430.01
20490 430.01
20492 430.01
20493 430.01
20494 430.01
20499 430.01
20500 430.01
20502 430.01
20503 430.01
20504 430.01
20505 430.01
20506 430.01
20507 430.01
20508 430.01
20509 430.01
20510 430.01
20512 430.01
20514 430.01
20515 430.01
20516 430.01
20517 430.01
20518 430.01
20519 430.01
20520 430.01
20521 430.01
20522 430.01
20523 430.01
20524 430.01
20525 430.01
