20005 100.105
20011 100.105
20014 440.025
20015 440.015
20017 440.015
20018 440.015
20019 440.015
20021 440.015
20022 440.015
20023 440.015
20024 440.015
20026 439.845
20027 439.845
20029 439.845
20030 439.845
20031 439.845
20032 439.845
20033 439.845
20036 440.035
20038 440.035
20039 440.035
20041 440.035
20042 440.035
20043 440.035
20044 440.035
20045 440.035
20046 440.035
20047 440.035
20048 440.035
20051 440.035
20055 440.035
20056 440.035
20057 440.035
20059 440.035
20060 440.035
20062 440.035
20065 0
20072 440.02
20075 440.02
20076 440.02
20077 440.02
20078 440.02
20079 440.02
20080 440.02
20081 440.02
20082 440.02
20083 440.02
20084 440.02
20085 440.02
20086 440.02
20089 440.02
20090 440.02
20091 440.02
20093 440.02
20094 440.02
20095 440.02
20096 440.02
20097 440.02
20098 440.02
20099 440.02
20100 440.02
20101 440.02
20104 440.02
20105 440.02
20106 440.02
20107 440.02
20108 440.02
20111 440.02
20112 440.02
20113 440.02
20114 440.02
20116 440.02
20117 440.02
20118 440.02
20119 440.02
20120 440.02
20121 440.02
20122 440.02
20123 440.02
20124 440.02
20125 440.02
20126 440.02
20127 440.02
20128 440.02
20129 440.02
20131 439.99
20132 439.99
20133 439.99
20134 439.99
20135 440.025
20136 440.025
20137 440.025
20138 440.025
20139 440.025
20140 440.025
20141 440.025
20142 440.025
20143 440.025
20144 440.025
20145 440.025
20146 440.025
20148 440.025
20149 440.025
20150 440.025
20151 440.025
20152 440.025
20153 440.025
20154 440.025
20155 440.025
20156 440.025
20157 440.025
20158 440.025
20160 440.025
20161 440.025
20162 440.025
20163 440.025
20164 440.025
20165 440.025
20166 440.025
20167 440.025
20168 440.025
20169 440.025
20170 440.025
20171 440.025
20172 440.025
20173 440.025
20174 440.025
20175 440.025
20176 440.025
20177 440.025
20178 440.025
20179 440.025
20181 440.025
20182 440.025
20183 440.025
20184 440.025
20185 440.035
20186 440.035
20187 440.035
20191 440.035
20192 440.035
20193 440.035
20194 440.035
20195 440.035
20196 440.035
20197 440.035
20198 440.035
20199 440.035
20200 440.035
20201 440.035
20202 440.035
20203 440.035
20205 440.035
20207 440.035
20208 440.035
20209 440.035
20213 440.035
20214 440.035
20215 440.035
20216 440.035
20217 440.035
20219 440.035
20220 440.035
20221 440.035
20222 440.035
20223 440.035
20224 440.035
20225 440.035
20226 440.035
20227 440.035
20228 440.035
20229 440.035
20230 440.035
20231 440.035
20232 440.035
20234 440.035
20235 440.035
20236 440.035
20238 440.035
20239 440.035
20240 440.035
20241 440.035
20242 440.035
20243 440.035
20244 440.035
20245 440.035
20246 440.035
20247 440.035
20248 440.035
20249 440.035
20250 440.035
20251 440.035
20252 440.035
20253 440.035
20254 440.035
20255 440.035
20256 440.035
20257 440.035
20258 440.035
20260 440.035
20263 440.035
20264 440
20265 440
20266 440
20267 440
20269 440.025
20270 440.025
20271 440.025
20272 440.025
20273 440.025
20274 440.025
20275 440.025
20278 440.025
20279 440.025
20282 440.035
20283 440.035
20284 440.035
20285 440.035
20287 440.035
20288 440.035
20289 440.035
20290 440.035
20291 440.035
20292 440.035
20293 440.035
20294 439.995
20297 439.995
20298 439.995
20299 439.995
20300 439.995
20302 439.995
20303 439.995
20304 439.995
20305 439.995
20306 439.995
20307 439.995
20308 439.995
20309 439.995
20312 439.995
20313 439.995
20314 439.995
20315 439.995
20316 439.995
20317 439.995
20318 439.995
20320 439.995
20321 439.995
20322 439.995
20323 439.995
20324 439.995
20325 439.995
20326 439.995
20327 439.995
20328 439.995
20330 439.995
20332 439.995
20333 439.995
20334 439.995
20335 439.995
20336 439.995
20337 439.995
20339 439.995
20340 439.995
20341 439.995
20342 439.995
20343 439.995
20344 439.995
20345 439.995
20346 440.025
20348 440
20349 440
20350 440
20351 440
20352 440
20353 440
20359 440
20360 440.03
20361 440.03
20363 440.03
20364 440.03
20365 440.03
20366 440.03
20367 440.03
20369 440.03
20370 440.03
20374 440.03
20375 440.03
20378 440.03
20379 440.03
20380 440.03
20381 440.03
20382 440.03
20383 440.03
20384 440.03
20385 440.03
20386 440.03
20388 440.03
20389 440.03
20390 440.03
20391 440.03
20392 440.03
20393 440.03
20394 440.03
20395 440.03
20396 440.03
20397 440.03
20398 440.03
20399 440.03
20400 440.03
20401 440.03
20402 440.03
20403 440.03
20404 440.03
20406 440.03
20407 440.03
20408 440.03
20409 440.03
20410 440.03
20411 440.03
20412 440.03
20413 440.03
20414 440.03
20415 440.03
20416 440.03
20417 440.03
20418 440.03
20419 440.03
20420 440.03
20421 440.03
20422 440.03
20423 440.03
20424 440.03
20425 440.03
20426 440.03
20427 440.03
20428 440.03
20429 440.03
20432 440.03
20433 440.03
20434 440.03
20435 440.03
20436 440.03
20437 440.03
20438 440.03
20439 440.03
20440 440.03
20441 440.03
20442 440.03
20444 440.035
20446 440.035
20447 440.035
20448 440.035
20449 440.035
20451 440.035
20452 440.035
20453 440.035
20454 440.035
20455 440.035
20456 440.035
20457 440.035
20458 440.035
20459 440.035
20460 440.035
20461 440.035
20464 440.035
20465 440.035
20466 440.035
20467 440.035
20468 440.035
20469 440.035
20470 440.035
20471 440.035
20472 440.035
20473 440.035
20474 440.035
20478 440.045
20479 440.045
20480 440.045
20481 440.045
20482 440.045
20483 440.045
20484 440.045
20485 440.045
20486 440.045
20488 440.02
20489 440.02
20490 440.02
20492 440.02
20493 440.02
20494 440.02
20499 440.02
20500 440.02
20502 440.02
20503 440.02
20504 440.02
20505 440.02
20506 440.02
20507 440.02
20508 440.02
20509 440.02
20510 440.02
20512 440.02
20514 440.02
20515 440.02
20516 440.02
20517 440.02
20518 440.02
20519 440.02
20520 440.02
20521 440.02
20522 440.02
20523 440.02
20524 440.02
20525 440.02
